Timestamp,Open,High,Low,Close,Volume
2017-01-01,968.2105082807691,1002.0202181645429,962.932372475685,995.9339491996291,108929353
2017-01-02,995.5950123224017,1033.0265464986644,993.2977913130468,1014.3551444208006,150196663
2017-01-03,1012.0414306677403,1035.5398378162315,1009.33531980046,1024.4356274214406,148631502
2017-01-04,1022.8204666855152,1138.3190769805976,1022.8204666855152,1120.5665806362429,150818787
2017-01-05,1122.5384449948128,1168.4859165216617,892.9091002299871,1002.9225429218841,137746170
2017-01-06,1004.7368525810716,1029.2355417428948,881.0295718233599,893.5322212419582,158433372
2017-01-07,894.5774861138161,906.3353837713242,814.7366394351999,906.0237000544815,136205174
2017-01-08,906.9979620922343,949.25139337221,889.0861363722255,920.0144439293053,135298676
2017-01-09,921.0360555538458,921.0360555538458,883.591131109976,901.6846047662914,125489392
2017-01-10,900.5790416087026,914.3913495359296,895.2163300543218,905.3372890525112,153506080
2017-01-11,906.5421154831886,921.98568220856,762.0617330985897,788.6627243239802,141176575
2017-01-12,781.1914576305592,836.0107585615884,753.0085954310189,810.6206346707453,137842169
2017-01-13,810.7780136842733,830.9163236456154,780.3924474573383,826.8820727986597,126019625
2017-01-14,830.3300401243644,844.197377654189,816.027508957614,824.4725280214013,127712679
2017-01-15,824.9585285520728,831.2995175812077,811.8793333182418,828.2438456915527,113023989
2017-01-16,829.8028123704331,838.9690631170866,821.7123645251729,832.2975703857504,128109307
2017-01-17,832.4803542363676,907.6900402225685,829.9835153098163,905.9891266982038,142192109
2017-01-18,907.4290953797299,914.9232782599914,854.3136407368789,887.4321969838854,134037877
2017-01-19,888.7768070060599,909.2063697544869,883.0562744611143,902.51327038944,145138017
2017-01-20,901.804820189324,903.6460963896379,884.2421382212915,895.0778348690013,136463465
2017-01-21,895.299166628957,928.124003844235,894.1833777083702,923.9705284416652,125404690
2017-01-22,924.6013681163679,945.031586846509,896.3468231019604,926.2267163651608,117331278
2017-01-23,926.9725780138231,928.7253351025756,916.0561294841094,918.1218197310366,125364333
2017-01-24,904.1793427660181,922.5634241416689,884.3935260284518,886.5455413735126,145038987
2017-01-25,886.6979563033974,903.2773768035495,886.5766457962479,897.3617133683149,147151462
2017-01-26,894.1051865317962,920.2232271220182,894.1051865317962,916.8285986586582,153898133
2017-01-27,916.6834584862074,923.345309331354,910.1180300255588,921.5422094299513,142358717
2017-01-28,921.4866364740881,925.1769262764926,916.1325788487933,924.7673237596504,133336876
2017-01-29,923.3982241298909,926.4736966282862,913.8665924125577,915.1648754787748,143994117
2017-01-30,913.9726881458355,923.4345539345064,912.1497725881475,922.0738109942619,137501208
2017-01-31,922.4268882235534,970.0291851343451,921.2051162523372,968.8802576054234,139098713
2017-02-01,968.4102767527154,990.19947075915,962.6834057491011,987.7523632206257,184711966
2017-02-02,991.0308670167299,1009.943429448851,978.0317220132158,1008.04242305061,143447898
2017-02-03,1008.6902321858481,1022.1076126770574,993.8563321508724,1017.4797248413867,144615251
2017-02-04,1017.9975301710645,1040.2003548397472,1003.2605804383454,1034.9539111460294,137075338
2017-02-05,1035.2232440458824,1035.7359130025218,1004.7996440183861,1015.6507467246023,152273960
2017-02-06,1014.0470104041142,1030.9984598413935,1012.8780886071099,1023.1524015508714,122369219
2017-02-07,1022.8489182620384,1056.522778872464,1022.1267200716906,1053.850386120103,142760967
2017-02-08,1052.8944023068168,1069.448927951436,1027.291846808695,1053.705061673372,140289033
2017-02-09,1054.6558676876582,1075.0445697474245,947.0168862933381,988.412932065044,161528490
2017-02-10,991.3277802579635,1007.6270103704871,956.6448709481601,999.5649259922793,142192951
2017-02-11,998.0535182569195,1021.1035497146116,995.998053729981,1017.4108314000738,133914727
2017-02-12,1013.5559389512076,1017.4395720584404,996.791256239225,1007.6745400361308,122110183
2017-02-13,1005.6044637719936,1019.1293488938365,982.9971599801277,1002.2742943586869,148365186
2017-02-14,1000.9573928681573,1018.2667987616367,990.3172944988903,1013.0606096747724,149478322
2017-02-15,1012.8271390890886,1015.0103751916861,1004.9099767394684,1013.7192202029706,130638413
2017-02-16,1013.6380893238918,1040.7643284139172,1013.4913474824276,1035.5864430165802,147029098
2017-02-17,1035.8975115104715,1063.2953617529715,1035.2319709351073,1054.5323358232317,146292670
2017-02-18,1057.0757223369296,1071.8608505899194,1053.3228294199698,1061.9505209874096,145222119
2017-02-19,1060.836708737162,1065.3437473090385,1047.651375292212,1057.2512244091406,124705457
2017-02-20,1057.3389685050083,1089.817140419887,1047.2200315789753,1086.269644280841,140760344
2017-02-21,1085.7187214860583,1129.9021883993305,1080.5842891191041,1126.8589354029832,131020285
2017-02-22,1128.5468511318195,1140.9183708415846,1106.3224485444714,1129.850403173692,134813613
2017-02-23,1129.7513200553767,1193.774861743443,1127.6266837532924,1176.852176320272,144065947
2017-02-24,1187.7699106851044,1217.5818299900898,1130.1649697483276,1185.0389520725385,158258404
2017-02-25,1184.5531743934475,1188.4218301569163,1126.3642950002063,1155.3930852455971,161332686
2017-02-26,1157.4492642304258,1184.3555354974392,1134.4544450562614,1183.806290863436,164027808
2017-02-27,1183.7628430918016,1197.3324788918162,1175.0849984394638,1194.828374751376,136066265
2017-02-28,1196.371654706409,1211.021720710741,1182.0503596451515,1195.8369020168036,148098178
2017-03-01,1195.3210323209769,1230.0355299840498,1191.0451433678227,1228.561442118559,140961556
2017-03-02,1231.9720156488706,1285.7373574334117,1218.68433472983,1265.8578469159381,149991962
2017-03-03,1263.5227642947964,1294.4602010148033,1258.5693177470064,1291.5770036360645,148741354
2017-03-04,1290.8314725486887,1292.1313615848362,1240.4142101406737,1267.3528520011428,130106329
2017-03-05,1269.9359985051656,1278.2807619460286,1246.5615744967222,1277.5105061242275,144509013
2017-03-06,1276.885293083113,1286.4426876614486,1262.3314813075099,1283.6842084600808,137070696
2017-03-07,1283.0764093076548,1287.4959912918175,1190.0890802817692,1236.2938477594744,149111816
2017-03-08,1235.37790057819,1245.7415202479383,1147.673066572072,1150.0236036838078,139043350
2017-03-09,1150.139106716119,1211.277670334967,1135.471311572454,1195.1541699691657,146749773
2017-03-10,1195.488988442898,1299.8294975277036,1015.4723234335361,1112.0866738418888,154684715
2017-03-11,1111.2916341844161,1209.0916313361436,1111.2916341844161,1185.3058442200527,148602104
2017-03-12,1187.7230975324499,1241.8259772188624,1177.2551251713433,1235.7711375341892,148783871
2017-03-13,1234.2946768151264,1247.6311565247204,1217.3352491428634,1244.5663616591323,142480213
2017-03-14,1244.760714116571,1260.0857207551135,1228.9161138997074,1247.7630042828844,150103843
2017-03-15,1248.324840541349,1262.4921627024225,1245.730521390807,1262.42062405524,139690736
2017-03-16,1261.9375537762255,1273.6075809205436,1132.8074597293423,1176.9608841733427,151165256
2017-03-17,1173.646544818944,1173.646544818944,1068.3305111084758,1075.7232574298555,153275697
2017-03-18,1070.1916592672424,1094.5363493319207,942.9985705605875,968.1089976755732,147861188
2017-03-19,972.7924671203606,1059.1961132308495,972.7924671203606,1018.30455866016,146652317
2017-03-20,1015.1905406262337,1051.2935475647414,1011.1919517151011,1043.6578375929496,132890059
2017-03-21,1044.5367058172528,1118.4559307176266,1043.0919444298913,1113.668596508832,139408566
2017-03-22,1112.9602260690572,1112.9602260690572,992.1418784450261,1037.2465846063203,156113000
2017-03-23,1036.8732294750976,1052.844172091066,1014.7759252648914,1027.283029473309,142796239
2017-03-24,1026.795006076552,1030.0326470987054,924.2370234294592,933.169753947826,153059835
2017-03-25,924.3196922062509,970.5102900634314,895.2525144103968,961.3879462046255,124968042
2017-03-26,963.2207202374514,1002.4982138027742,946.3973239761856,969.017312400438,112292566
2017-03-27,968.3181109193783,1042.9183992652652,959.6662349510258,1041.3102894200542,118892153
2017-03-28,1039.6753850932262,1066.6087552838005,1017.0019875555774,1045.4750146764602,152741448
2017-03-29,1043.7198450513029,1056.2039123729692,1009.7590738218572,1040.4428183683583,134258311
2017-03-30,1041.343198389453,1051.2736843811642,1024.2316153536508,1037.7534053277454,157817608
2017-03-31,1041.0344341352484,1088.6862699825315,1038.487723529281,1082.7250423311148,129620894
2017-04-01,1081.9840223346264,1107.665909497306,1068.107570580316,1090.4005316487487,127622023
2017-04-02,1087.6524096749463,1111.1965599577966,1071.2871573605257,1099.0261334054558,130186265
2017-04-03,1092.3468994726675,1165.6974989466755,1092.3468994726675,1151.1597494764221,154523790
2017-04-04,1153.928140548544,1162.8700410490935,1125.3920679118662,1143.029203242978,122199833
2017-04-05,1143.7541428341078,1144.686133319014,1114.3334676480808,1133.0626233945623,156590009
2017-04-06,1134.4737924013168,1201.1474579418716,1134.4737924013168,1193.153771532398,143686691
2017-04-07,1187.7558304702857,1199.916729860755,1176.2789410593682,1193.3132640711735,158312673
2017-04-08,1193.6270699906534,1196.817694653181,1172.491306868464,1183.8935053048067,133460844
2017-04-09,1184.3371810048043,1218.1295876631668,1175.8668316216438,1209.336901236837,147106212
2017-04-10,1209.1379172001823,1218.6681061289014,1199.220995511253,1209.8499838383714,134838481
2017-04-11,1209.9242796728745,1229.6769266583658,1200.697725563162,1221.5398742759503,160749712
2017-04-12,1223.596933088786,1226.2749175678564,1211.0761682134362,1214.4567978728028,139482271
2017-04-13,1214.4478949510758,1218.8674303457756,1153.2685007973546,1174.836850815525,123530698
2017-04-14,1175.708763807222,1194.863405637318,1153.6218150806662,1172.6691908069777,138280059
2017-04-15,1172.4560223525873,1190.6615954773702,1123.2158775854082,1177.7152670936362,148716334
2017-04-16,1175.2773310614944,1188.9598116453167,1154.9946980746274,1164.9733826018726,135349419
2017-04-17,1171.8927871768367,1194.1432910915833,1166.111157394405,1189.5375772549985,128413157
2017-04-18,1189.1009713780543,1208.4926590556217,1185.719789133754,1201.7158482752238,139466233
2017-04-19,1201.3630566176244,1212.2184538955182,1191.8306725257034,1210.4839232125657,140705903
2017-04-20,1214.3175242584634,1240.9523680832906,1208.6172600882753,1235.6649373071261,134375450
2017-04-21,1236.503372194988,1255.2361817713486,1236.503372194988,1249.0561225723527,162934481
2017-04-22,1248.8073356830787,1251.3403308730365,1209.6356860431006,1241.8951760429159,141038796
2017-04-23,1239.7136135846401,1253.4582663227868,1230.1710946874282,1250.3472418374583,144939760
2017-04-24,1250.555803442808,1259.5334743358048,1237.20752411972,1256.5417001686506,119391786
2017-04-25,1256.481860997969,1284.1759203757895,1255.7373524511618,1278.6417664638177,142931871
2017-04-26,1278.7093914280565,1319.2680116822696,1275.099915668021,1294.6780496550286,148650130
2017-04-27,1296.1694456761911,1356.191033226134,1291.9198558292137,1346.6851056143641,142196939
2017-04-28,1348.6047004084267,1372.3493630491946,1300.8776367271598,1350.4576499293476,135512791
2017-04-29,1350.6278406535412,1366.820130832893,1327.2921192671479,1354.4069470017698,168033289
2017-04-30,1358.331032697307,1387.6839701971003,1324.6791118734889,1383.0539029623956,146712438
2017-05-01,1378.4161623318278,1461.2291183875918,1361.6617427583672,1425.2481458294692,146573975
2017-05-02,1422.2165078497117,1486.717081161271,1403.9162005762141,1465.5810426561522,154830793
2017-05-03,1460.8623558507238,1526.4207056110508,1447.0502524009062,1526.4207056110508,131343849
2017-05-04,1516.4884478409053,1649.2311242446478,1471.373993968837,1554.006848920395,163084489
2017-05-05,1555.3538314552945,1618.1472687537275,1518.2582041145406,1526.2278035910022,123966949
2017-05-06,1542.4728324956584,1587.2701171865506,1522.4185878110375,1584.9514134546134,162059723
2017-05-07,1583.2597223303067,1608.9070040807883,1538.5209096631158,1597.2058531775517,161084645
2017-05-08,1592.1295882773832,1701.8770462876066,1579.10566976566,1701.8770462876066,174217823
2017-05-09,1703.9207874546573,1777.4103235376,1659.7583153932392,1719.596103326025,153065584
2017-05-10,1717.39958682006,1796.9842207726106,1686.9845492838638,1791.2692326528577,142066716
2017-05-11,1793.6761928126725,1883.9623374258306,1755.3104616100907,1834.8367578988764,129734124
2017-05-12,1835.2065775733045,1836.6272877653014,1663.741203260312,1694.4671103687208,146964160
2017-05-13,1688.7122804963315,1787.7256658652173,1613.3099762833867,1787.7256658652173,150858815
2017-05-14,1785.5009578492852,1822.070450658413,1766.5101257136744,1796.7730922386913,159869612
2017-05-15,1796.8916948750498,1801.92542464388,1700.5894266623623,1724.769487350055,164966203
2017-05-16,1721.3180526990534,1768.2527666955145,1659.3218698443366,1738.6013027843976,128524339
2017-05-17,1754.5928456102702,1836.0756883186011,1691.866823153061,1803.9774846922924,152151234
2017-05-18,1807.1349839449497,1893.3474894673586,1779.1447259550496,1891.2189190792064,138357642
2017-05-19,1888.4038022105483,1975.1257596487249,1887.6228954935887,1966.1600061196114,159241944
2017-05-20,1970.9701714537412,2052.975727529383,1943.363956774297,2052.975727529383,159547252
2017-05-21,2039.1579501308934,2091.954659886319,1994.4681207533085,2052.5502115695963,145545227
2017-05-22,2049.794254672951,2269.7438686808346,2010.2741957128687,2114.3483953568734,141115160
2017-05-23,2106.9739635541155,2270.61738300623,2105.796416300229,2268.056017841441,164375687
2017-05-24,2273.8409534919383,2475.6730304919556,2273.8409534919383,2431.179175212533,149423956
2017-05-25,2429.178641295211,2776.8098897369737,2275.992160374745,2331.3462280804974,159188351
2017-05-26,2342.9461501806645,2635.855887097431,2068.3364772678856,2272.1649053409087,146651579
2017-05-27,2269.229271129868,2343.9210308317456,1894.6917061236109,2078.632375146129,166522214
2017-05-28,2086.346021292058,2325.023183311546,2086.346021292058,2225.4645712728297,161324146
2017-05-29,2228.1875372022855,2351.3030199721043,2141.3642203934987,2286.2068610012675,147625255
2017-05-30,2281.7415064513316,2329.9727211338613,2127.10919184414,2185.1005053471913,175481721
2017-05-31,2195.264578209779,2335.8239155638744,2175.6157891224093,2298.2209745872156,160135720
2017-06-01,2304.018091062967,2465.9396065585784,2304.018091062967,2417.941273911206,166168828
2017-06-02,2415.5890960602783,2483.5560184152396,2387.823380674922,2479.5616565385294,143332463
2017-06-03,2482.0727144023276,2594.0533869667966,2450.958398803231,2543.8723274892395,188312948
2017-06-04,2545.7588822542857,2562.0054087835265,2474.891190823877,2521.845867583053,158117927
2017-06-05,2525.755417327364,2695.0334189788464,2524.0072464112272,2695.0334189788464,158124785
2017-06-06,2696.10285040881,2932.5821426820485,2696.10285040881,2873.7969374932436,149457052
2017-06-07,2880.1403679006303,2884.869287399578,2628.1707942460916,2701.4140898844944,163656829
2017-06-08,2686.766241982738,2805.2231796109395,2632.9114233543887,2803.297016793037,159976650
2017-06-09,2801.734313704615,2859.339989973545,2794.3939609877516,2810.2941602110886,146965490
2017-06-10,2815.7116366862456,2926.294983495495,2805.2066911080933,2919.9279707867463,136233439
2017-06-11,2919.691768329122,2995.0725473816447,2879.808505444412,2991.4426584000157,138000687
2017-06-12,2980.5009442435335,2997.432838861595,2501.9286419386744,2656.1781794939084,142198038
2017-06-13,2661.8286908747855,2786.943765291323,2655.5616860599926,2707.2075876857843,137740748
2017-06-14,2705.8009052169546,2815.017385299792,2344.577822861521,2443.774072635811,135673084
2017-06-15,2433.6342346521847,2511.6656672815893,2096.5668127811555,2415.092620939786,152100544
2017-06-16,2404.8434294922754,2517.6515792807236,2306.455998451262,2485.221578415977,145458530
2017-06-17,2467.84907970138,2677.3138589057735,2426.809929595001,2644.3694299811514,142888229
2017-06-18,2635.087004799845,2665.4063458232936,2461.820768826104,2512.428822086344,135773683
2017-06-19,2519.222573850259,2595.047554549299,2487.6652501417584,2595.047554549299,148893271
2017-06-20,2599.0651429242703,2770.1604697745192,2588.628046381963,2734.934233111323,133226360
2017-06-21,2724.5122943172723,2781.958974947119,2599.3171010136775,2653.536153083557,137590521
2017-06-22,2652.2045915635854,2727.8839588188785,2599.1244013450582,2693.67774038443,137930353
2017-06-23,2697.9437834555442,2737.4647888197023,2673.7445242085423,2687.6564249824446,151777878
2017-06-24,2687.5502332211886,2720.3082355187257,2516.9522125477124,2568.5925241151367,138636540
2017-06-25,2560.5089750775433,2628.7384652864284,2441.624601722326,2501.1788695912824,113146874
2017-06-26,2504.5995432063783,2555.364194716892,2294.765109182674,2419.8281336489827,140138695
2017-06-27,2413.2071558766484,2565.9955752033557,2286.4906281757085,2565.9955752033557,129642455
2017-06-28,2558.812836144438,2598.0126806685403,2472.440075601088,2554.2217718277343,152653385
2017-06-29,2550.445855986663,2592.1442282660805,2514.390301746726,2537.407710301787,115987729
2017-06-30,2544.117467598046,2555.043667649422,2450.456065869238,2460.92328207561,147229881
2017-07-01,2464.1359568152957,2511.6312663209646,2402.9439310610705,2420.539465015463,144723817
2017-07-02,2424.3081233298485,2529.309955115152,2383.61007904613,2508.7110635949434,146510491
2017-07-03,2510.4707952702925,2587.6756330649714,2479.038707198983,2543.52055702578,138635348
2017-07-04,2546.3949178961957,2634.1449377542717,2544.373335030082,2603.975513520515,137203941
2017-07-05,2600.9895928648034,2626.431534049746,2542.7219089528453,2611.9076336687876,135481778
2017-07-06,2611.276867575614,2619.4847579501507,2565.103670716141,2601.1915674691945,135757103
2017-07-07,2603.3637026943716,2605.8527126899917,2476.2279534508743,2500.606800254712,138645732
2017-07-08,2500.6715233081923,2559.591472589512,2471.743710666795,2559.2909885063527,141673477
2017-07-09,2557.6424592690046,2576.5860776419386,2501.2626287949124,2505.719367383316,103410312
2017-07-10,2509.5864952248385,2523.6355505188535,2265.6615377967123,2337.692689997486,147035386
2017-07-11,2330.855280356072,2400.315771637087,2263.812088589229,2308.5349031275077,153942302
2017-07-12,2308.759839602886,2409.605736216802,2249.9790009207877,2386.6789346825703,155985777
2017-07-13,2385.8633636760396,2419.882447322329,2317.840762647002,2338.834599532397,134245975
2017-07-14,2341.923644511,2354.5378841899237,2148.830359707224,2218.068399573709,125092591
2017-07-15,2220.441478211001,2221.1538501525947,1970.0224148275825,1970.0224148275825,123790097
2017-07-16,1963.895764651758,2041.446310679413,1817.3406712596648,1914.3158613562398,136920494
2017-07-17,1921.8121979681207,2226.8543703791893,1916.4490506863228,2226.8543703791893,139863042
2017-07-18,2232.463763254779,2390.202371162119,2150.221339695517,2304.677177796126,158261494
2017-07-19,2306.4370236293485,2394.588370970582,2225.598973085759,2262.4342019699784,139913609
2017-07-20,2268.808079226432,2915.0013058378718,2268.808079226432,2836.4441013378264,150523159
2017-07-21,2853.617856801716,2853.617856801716,2616.7753552365443,2667.799092515772,150339098
2017-07-22,2659.194516465998,2869.384823924892,2650.763800142021,2828.288843932448,148073128
2017-07-23,2826.8629374790457,2851.6860929198456,2667.1379218249053,2756.3507669668084,117485340
2017-07-24,2746.589717593009,2796.582654856565,2715.055930383408,2761.003292649645,159154683
2017-07-25,2762.8919689023414,2778.553244554055,2454.842633984823,2562.1887893065186,138225384
2017-07-26,2568.9744487839407,2606.942844822401,2409.5428240639526,2524.004210431266,142155013
2017-07-27,2530.6908706395325,2683.419361913155,2512.401314236703,2662.327736099671,142189101
2017-07-28,2671.1046117120873,2820.888154648497,2658.5064727824365,2784.9319075270673,137485357
2017-07-29,2785.3607372616166,2787.282505768498,2675.2500104082037,2699.3367794540422,136889589
2017-07-30,2707.5249058134373,2755.4895447148306,2589.9227844538177,2733.69805187003,119076841
2017-07-31,2730.639152161696,2890.2940719787584,2696.104622136234,2861.355117283544,134332938
2017-08-01,2852.9985277528936,2920.5067300664755,2656.0365364215077,2731.1154904956556,108024335
2017-08-02,2731.9151223024146,2757.46697967643,2656.334956628917,2700.952019059181,133423563
2017-08-03,2700.8068074667194,2800.2227730541526,2700.794774881487,2787.864126953994,119860605
2017-08-04,2788.498987209,2875.4664665066402,2764.101110887344,2855.544813686132,165370064
2017-08-05,2862.015631803698,3328.4989570977004,2856.386790176194,3246.889857691748,155925691
2017-08-06,3251.033267547569,3279.7506562366384,3158.3697093563082,3219.1355141814147,110059523
2017-08-07,3222.633996769295,3410.2837440942326,3192.4454457590596,3394.12505196622,144341219
2017-08-08,3395.957561930004,3484.4725681972645,3345.157720301654,3418.0657164880467,160548393
2017-08-09,3418.469729249734,3424.4147351105253,3217.4672214068532,3341.931735918988,131634073
2017-08-10,3343.4146606846116,3445.231424611028,3316.2113493264565,3432.180554601751,131452120
2017-08-11,3440.4650635022235,3709.485218065206,3410.8083564601066,3651.952159554108,139229802
2017-08-12,3656.4754570468226,3939.3337614274365,3615.032869064003,3873.840277659997,132248483
2017-08-13,3877.93030554407,4187.0864044751925,3861.3527910510375,4055.4301082172656,145487310
2017-08-14,4070.5874467241642,4321.740878001602,3987.2620587114952,4321.740878001602,124145503
2017-08-15,4324.626168552177,4412.532666328862,3833.494640111323,4158.369049307629,148162812
2017-08-16,4171.585816200102,4376.57096081281,3944.1708068601483,4371.898571692489,125636176
2017-08-17,4374.512430550209,4467.689399174499,4206.240957330167,4278.874565142088,175131234
2017-08-18,4281.10281465528,4350.70287350537,3979.171597718045,4103.308186665855,142994555
2017-08-19,4101.931686002192,4182.843725874931,3951.178060317274,4136.02849752025,145890344
2017-08-20,4150.266548697704,4150.266548697704,4032.1218571371996,4047.5907074206807,124950639
2017-08-21,4059.1117150954333,4089.4109976210166,3959.8836677079116,3993.496766113566,112262163
2017-08-22,3996.1520441520274,4136.521945778181,3623.8041702340224,4089.192688098602,88811772
2017-08-23,4081.748701571368,4245.078872191336,4066.87447875793,4128.20943627659,156802936
2017-08-24,4142.450424557255,4340.7686336704,4104.05778658451,4309.743233598728,94786917
2017-08-25,4312.096368659014,4448.892094727062,4295.552379443012,4357.504580234239,93771323
2017-08-26,4360.81081789692,4370.909697694314,4260.965086778038,4339.185326260464,104778306
2017-08-27,4342.13524182093,4386.853325425968,4309.3175550629585,4343.614657649543,153522380
2017-08-28,4334.943507784574,4391.55005085662,4190.39291366754,4384.648048638078,126544676
2017-08-29,4385.162289332667,4634.253673708621,4345.947988784998,4591.973064787884,148678470
2017-08-30,4582.7934553424475,4636.417150029482,4494.0186514783545,4578.258041005562,165149992
2017-08-31,4577.034298856806,4766.838403765212,4577.034298856806,4739.821909609959,159952400
2017-09-01,4741.356479180045,4930.913963429657,4692.835937442257,4930.913963429657,169049268
2017-09-02,4941.856672784606,4974.248297624271,4503.363605715176,4635.549367004165,132621365
2017-09-03,4626.107847746462,4723.809729387342,4465.2261562096555,4624.004128836177,117876283
2017-09-04,4619.415749832779,4619.415749832779,4152.496535449635,4340.747305561161,162282579
2017-09-05,4312.4114341395425,4499.616416276017,4104.9192007421025,4426.660414562876,150356143
2017-09-06,4424.638542292696,4652.556513148421,4386.748787053633,4610.80660274099,146415804
2017-09-07,4603.3227827390965,4663.131555748516,4484.5526094725,4621.992816471082,142508937
2017-09-08,4618.385303106126,4677.216094263034,4149.345850688678,4341.4884613413,159750498
2017-09-09,4321.493266051797,4425.301984631153,4187.901455568475,4330.583758430806,123608135
2017-09-10,4319.936921321062,4329.98463164321,4053.8383705538618,4250.088037251141,108174454
2017-09-11,4243.379256097088,4355.378177732307,4116.844003533816,4207.513611707119,144249874
2017-09-12,4212.209962034326,4372.557238868928,4093.9162964919487,4157.663177008433,133650010
2017-09-13,4169.583134840588,4169.583134840588,3750.6200744188272,3867.7915092908415,135555529
2017-09-14,3856.8925742585902,3918.314453714229,3215.379583952669,3240.896288121997,139551613
2017-09-15,3243.8953284871213,3815.1171931925587,2990.3323162852525,3710.985860887212,151892323
2017-09-16,3716.4202072315325,3962.0520296713576,3564.060903068925,3711.866164171358,118424643
2017-09-17,3677.1307924086896,3820.7616671249516,3486.5946913747734,3703.312456189187,102279512
2017-09-18,3709.660165970392,4116.280777830095,3709.660165970392,4094.554920867202,115779985
2017-09-19,4103.342391390897,4120.81230414874,3858.330903634696,3911.100032919042,149203393
2017-09-20,3894.823497724815,4031.8999816461737,3833.4799392443992,3869.9896605976755,110905391
2017-09-21,3884.8381471428524,3903.4683291320785,3589.257893382317,3617.6710605707135,135002266
2017-09-22,3610.1624608851916,3752.244644308607,3520.915730211974,3615.9131536078676,111432395
2017-09-23,3615.355681661823,3807.1152758610597,3572.4060568928858,3782.0205495431524,104604557
2017-09-24,3780.8669509870188,3780.8669509870188,3631.8464045519236,3668.2651341463556,95184667
2017-09-25,3669.269556543369,3956.997642632769,3669.269556543369,3918.890667419078,114509814
2017-09-26,3925.3260876161244,3958.652450196416,3856.4264148265347,3886.1024756670427,132741453
2017-09-27,3881.53265008761,4222.604159397001,3879.4323069816505,4199.9683304292685,124751487
2017-09-28,4204.5034895343115,4268.497661957243,4127.3360858429005,4187.576245896319,149318519
2017-09-29,4185.565215608262,4216.482769081601,4028.773006623692,4156.659983678401,140688917
2017-09-30,4157.701272566897,4348.76438114236,4147.143008050773,4335.467009689982,108451118
2017-10-01,4335.839010063485,4386.462757709622,4235.6709709843035,4382.812284253591,118626361
2017-10-02,4383.490304636447,4457.333299327694,4363.564944670982,4391.750560395145,150175547
2017-10-03,4383.900909041043,4419.405335781422,4229.916025120814,4311.3560516755,160221175
2017-10-04,4312.1802902792315,4339.867682172514,4185.95803777329,4215.182333536646,112176704
2017-10-05,4215.5524531282845,4358.611726946792,4145.663128355301,4317.528621996602,127212707
2017-10-06,4315.42343254025,4411.607867492792,4294.51441634626,4362.980772637618,146296062
2017-10-07,4363.098390265387,4451.914056574114,4319.037404150772,4427.349482966946,132115730
2017-10-08,4433.56428436043,4607.723489253299,4416.169900549163,4599.584772520529,139063644
2017-10-09,4601.935958841493,4860.119092704825,4553.334830108116,4770.758812461939,148313245
2017-10-10,4772.237455901732,4918.351804302655,4723.308635742826,4742.204586062306,154229981
2017-10-11,4757.545245663261,4867.791663302525,4714.301819371869,4817.076001241959,141190217
2017-10-12,4818.169887513006,5421.25647434388,4810.361281104631,5421.25647434388,149512649
2017-10-13,5430.267777720629,5819.793991804839,5399.106206039092,5622.401537310861,139421853
2017-10-14,5628.346253548183,5812.622558967477,5574.60855455819,5806.274837910411,144227067
2017-10-15,5812.3622522477235,5840.2545093739245,5454.297553341528,5690.443312043671,174219663
2017-10-16,5694.454369535165,5785.662372138262,5572.319524075763,5751.401295318684,159632808
2017-10-17,5760.8485621263,5766.301608451633,5527.361844565789,5593.760390967677,161742836
2017-10-18,5593.934810641705,5601.864091608808,5115.890015120051,5574.307180341964,153595115
2017-10-19,5569.178815501111,5738.428166880768,5526.117857580279,5700.819182972686,176879636
2017-10-20,5704.294113899747,6061.10749575573,5619.7742533122955,5997.446764076106,177689321
2017-10-21,5986.773476280937,6182.391840092343,5927.79900552975,6015.723555007538,159080499
2017-10-22,6032.008261887529,6070.078129705719,5745.390081892592,5998.832263653103,182901600
2017-10-23,5988.584224719611,6045.381057780784,5666.011432949015,5889.672058049323,166183801
2017-10-24,5894.387207752057,5894.387207752057,5479.301642786864,5518.766212981871,173792808
2017-10-25,5520.666933394873,5755.170783350426,5383.966488629083,5744.7936868947845,179327317
2017-10-26,5736.927688874834,5980.137595126643,5696.59618943925,5890.7143073772,131763733
2017-10-27,5891.396817939914,5982.630231752097,5701.102759281164,5778.700983300991,107288669
2017-10-28,5794.054196117502,5887.981749121459,5672.587712576063,5752.944303324972,85635656
2017-10-29,5748.747217069377,6266.642151386217,5719.867078579222,6150.617275448098,156721785
2017-10-30,6125.084910303134,6211.826915070636,6033.292304236896,6122.688025941843,151141646
2017-10-31,6130.951034491837,6443.565451073263,6084.713151647438,6441.3050298221515,143059541
2017-11-01,6411.1484862115585,6764.760700771038,6365.704325769865,6764.760700771038,162778187
2017-11-02,6770.5388626739,7346.902668387959,6770.5388626739,7032.252143929542,155558907
2017-11-03,7043.43959303874,7457.667073058195,6963.63036556694,7188.6736621927175,124506042
2017-11-04,7155.511647701183,7506.843985111076,7013.056872554254,7391.499520881289,133628569
2017-11-05,7402.298550167012,7624.038296487668,7309.245216104898,7390.662345444837,146968767
2017-11-06,7378.668091958893,7420.76172886866,6947.530495776096,6960.162148204395,138881146
2017-11-07,6972.101849147623,7226.003523486688,6972.101849147623,7123.997698968637,160062744
2017-11-08,7109.147230359182,7803.2075763889425,7089.687913337713,7469.009869665808,147815792
2017-11-09,7460.118843558576,7460.118843558576,7073.653552402723,7135.421301008343,156742054
2017-11-10,7148.362885967945,7323.7575767827275,6440.955221313432,6591.128675365988,125961913
2017-11-11,6574.343612330902,6855.800553769496,6215.153456491233,6361.587331249312,84633749
2017-11-12,6305.5091575489805,6453.275709219115,5567.150716020469,5909.6447898411725,84222980
2017-11-13,5906.596020455654,6788.1980345252,5852.191063969959,6525.636966247708,145803848
2017-11-14,6550.3048710856065,6742.668176335535,6486.046948924491,6595.548438738197,131466645
2017-11-15,6612.376700096249,7332.044583337591,6612.376700096249,7282.068738937433,158928318
2017-11-16,7289.113200663463,7955.411031612815,7138.9051230012265,7845.321979964913,155414180
2017-11-17,7860.310216567368,7982.646915408882,7567.548596048457,7691.5208803062105,172711879
2017-11-18,7687.7168248340695,7836.485188984538,7493.09255546613,7780.4865522991895,142453595
2017-11-19,7766.142130491079,8083.750002063824,7693.08138435886,8033.553355586507,166822870
2017-11-20,8038.697313201393,8287.649595045126,7942.975387603522,8255.867353185347,178211452
2017-11-21,8258.999773408843,8356.35137433623,7843.744645976889,8096.860431860465,182611962
2017-11-22,8101.114315940952,8305.776104632178,8090.8124072308465,8244.969536672328,157648320
2017-11-23,8246.616205576187,8268.703294667965,8035.893848871559,8035.893848871559,165880759
2017-11-24,8035.196621047476,8308.015754432543,7918.897116955496,8215.457903088754,156194422
2017-11-25,8212.146438614605,8771.863206570288,8172.890643820574,8771.863206570288,163414428
2017-11-26,8767.175209237324,9542.983243453236,8767.175209237324,9349.11993048534,159409874
2017-11-27,9370.368455184564,9754.449718834221,9370.368455184564,9754.449718834221,178001269
2017-11-28,9766.711477515104,9982.422434886506,9671.482810850535,9926.71193188782,165745308
2017-11-29,9926.601414458895,11403.870314496964,9077.021415759707,9863.795713366324,184080447
2017-11-30,9835.270693047805,10769.060149176607,9166.247000858131,9953.823255504512,178351596
2017-12-01,9965.226635509502,10918.234228199526,9444.387352877295,10862.869692666738,195398687
2017-12-02,10859.711653535946,11169.06124401924,10730.082586613287,10923.741230126276,166791468
2017-12-03,10923.699012289973,11857.913847428232,10739.58930356637,11285.973817230233,184280188
2017-12-04,11257.403138013717,11625.190674511652,10968.969400763359,11625.190674511652,193302453
2017-12-05,11648.200737744002,11849.517543450263,11514.990081996406,11703.703117553547,188382417
2017-12-06,11723.890066670941,14135.62750851602,11723.890066670941,13919.978430502113,199039322
2017-12-07,14064.536879445955,18209.493833164866,13576.941728941601,17144.110561770518,158829214
2017-12-08,17107.39639301988,17491.33235117145,14063.061928665626,16241.254172496809,163960088
2017-12-09,16228.288068804683,16333.453448605436,13514.732709576714,15065.911139302367,182862817
2017-12-10,14917.008413954938,15751.446318324044,13453.6730977725,15049.90218056812,173205656
2017-12-11,15164.92561067567,17372.323985653326,15164.92561067567,16779.839139930325,181280070
2017-12-12,16755.492937614003,17954.059401345527,16318.75079966627,17220.05994923002,165513604
2017-12-13,17237.203831806048,17701.963993991456,15824.23531831831,16525.094735035294,196552556
2017-12-14,16529.70128627656,17000.099629928303,16135.294579005082,16607.882713268962,192678728
2017-12-15,16611.174902639323,17902.74354350473,16584.76351517316,17644.19185482736,178730877
2017-12-16,17612.21715921086,19698.17470702825,17523.341543531464,19587.6137328711,180619565
2017-12-17,19426.68903149064,19811.932883674075,18829.16405939567,19179.66898447647,192538155
2017-12-18,19276.77802847126,19293.03752981025,18106.625205075223,19007.00933176908,189589666
2017-12-19,18992.413632493277,19066.11570856286,16998.649856881228,17737.660318944538,148376286
2017-12-20,17715.684902788005,17870.17517190072,15632.896522177884,16456.22842405836,145855960
2017-12-21,16491.903499306405,17306.98578094571,15149.22382690926,15651.946610393392,137064112
2017-12-22,15836.670286640181,15845.31109404738,11053.76452341538,14140.99019347346,164608144
2017-12-23,14341.878231343755,16008.790598712712,13780.428758823144,14800.695957569356,147299793
2017-12-24,14931.924548977233,14942.078602580801,12971.517755293775,14170.877791779882,161699825
2017-12-25,14191.125446425973,14644.262386540835,13523.255518478918,14073.40367072084,141806171
2017-12-26,14109.4672979402,16096.082049592336,13924.25959359403,15761.316969772965,149098115
2017-12-27,15734.22946784944,16476.200730851404,14606.54151918012,15382.496060505311,166493864
2017-12-28,15403.141039674822,15454.803234900577,13582.845875016264,14456.968874713091,161348397
2017-12-29,14442.413453441619,15061.610110014615,14037.772470040238,14487.223318256161,172825102
2017-12-30,14436.342374112868,14487.062663933535,12386.63831371516,12743.816886264398,152373525
2017-12-31,12770.272956129114,14228.137980716408,12659.016695526308,13896.633097402057,168985382
2018-01-01,13851.673985526602,13871.913269535964,12929.54306404914,13436.40113496533,162716348
2018-01-02,13486.744844662015,15144.979671407764,13043.303003689914,14732.453355796319,178017550
2018-01-03,14694.053765860497,15369.756291733172,14640.641236374902,15068.48685294771,167233910
2018-01-04,15128.178423873615,15370.749365536973,14294.05475422823,15150.044393442426,179004954
2018-01-05,15128.240643382524,17116.140091379297,14861.167342083183,16929.993584218795,152619894
2018-01-06,16925.137264338635,17154.163354303844,16266.456930410244,17094.07580827809,177119818
2018-01-07,17110.94470775201,17110.94470775201,15792.088118419764,16162.813277912608,169680226
2018-01-08,16127.823620096839,16270.630082769576,14036.345869269688,14998.250127031477,174353338
2018-01-09,14961.676367575734,15349.272808095566,14222.423056873104,14415.466029217563,172900393
2018-01-10,14448.485441704834,14850.283684647908,13527.747077672655,14850.283684647908,175606371
2018-01-11,14919.00877098778,14919.00877098778,12986.45635314678,13310.776623875214,203960849
2018-01-12,13196.990925070568,14076.029364498736,12937.290398197794,13797.82227939588,187673133
2018-01-13,13868.395566203597,14516.647189112124,13830.258988673511,14218.51800899828,151132414
2018-01-14,14187.893413430307,14337.779405113673,13173.53242774602,13655.242181049141,162801192
2018-01-15,13640.439832522137,14283.876337160875,13449.422571526748,13574.797735438284,158850796
2018-01-16,13593.886153618398,13593.886153618398,10094.007392524309,11467.380978284651,166906960
2018-01-17,11595.95499439586,11941.709802740332,9177.29249618134,11136.808735058174,177334520
2018-01-18,11118.201033142886,12064.438302618599,10722.14213393342,11289.210911409156,181740520
2018-01-19,11261.941254081346,11985.104066722128,11082.622215984291,11511.09835473365,172925294
2018-01-20,11535.507070862128,12978.654424540691,11525.222408602338,12763.779462390647,196911498
2018-01-21,12744.378020974487,12744.378020974487,11139.155347792377,11455.526396495743,201430272
2018-01-22,11521.433578583166,11860.02453610936,10079.518593330506,10781.268881360418,180479030
2018-01-23,10777.302141347149,11321.888797262018,10002.155884544678,10801.083131750655,189393517
2018-01-24,10866.886489262803,11391.043671753903,10509.116174528803,11354.22909940514,188261924
2018-01-25,11358.466478555307,11653.935486869595,10927.881180036668,11137.878602459845,175380382
2018-01-26,11123.968660671479,11566.400421925602,10353.125324820478,11091.21651042783,161556680
2018-01-27,11094.073280538505,11573.555227519828,10874.973741003856,11333.397874991158,163000899
2018-01-28,11410.285791855082,11781.261532452554,11310.459586875895,11597.080164861141,162847279
2018-01-29,11591.177378543769,11688.399156459485,10941.979070240304,11149.431210526249,150641199
2018-01-30,11142.640532783224,11162.043025949897,9823.606214719623,9937.726381160634,164859686
2018-01-31,9938.136474547773,10293.536006546006,9597.147273694254,10087.724198669412,121972800
2018-02-01,10106.100534462235,10150.977892041315,8477.88070439723,9014.026207241357,168581509
2018-02-02,9007.673682276896,9068.699702873655,7602.886031281782,8799.121910617683,171722182
2018-02-03,8801.822826195872,9466.04572671343,8168.708004770408,9208.45991916458,157405949
2018-02-04,9176.126586570133,9325.188923286127,7892.798098474438,8176.460615758353,176248883
2018-02-05,8222.249977782492,8322.877625328503,6535.030670816488,6891.934414416884,203940875
2018-02-06,6989.550543531737,8000.871493557633,5959.036318141969,7714.392057232828,181424169
2018-02-07,7724.376496195788,8597.638368779571,7234.048196580416,7575.611196702045,151067001
2018-02-08,7616.565871821453,8593.26729310192,7602.486836964553,8222.753649455703,137285499
2018-02-09,8216.984763482786,8701.05713906835,7774.14920579702,8677.910527452475,145241926
2018-02-10,8633.784602716983,9065.190683901686,8184.919931248037,8537.393208068006,147926023
2018-02-11,8519.797224843567,8519.797224843567,7838.624043509355,8073.293649217709,151995707
2018-02-12,8098.987359108685,8953.978498957009,8098.987359108685,8883.2563239916,172800014
2018-02-13,8887.107499065229,8915.128507589012,8388.774012363996,8519.186103813143,169350752
2018-02-14,8534.353092589494,9493.525237026617,8534.353092589494,9483.45790621643,181776035
2018-02-15,9451.502484532348,10216.505912550692,9369.520941316889,10063.90199802283,139326944
2018-02-16,10034.67328631106,10275.657358346858,9734.138268862833,10236.5,155321491
2018-02-17,10233.9,11139.5,10149.4,11101.7,144930698
2018-02-18,11112.7,11349.8,10326.0,10593.2,157534233
2018-02-19,10551.8,11273.8,10513.2,11230.0,163012020
2018-02-20,11225.3,11958.5,11225.3,11403.7,142481636
2018-02-21,11372.2,11418.5,10479.1,10690.4,166424853
2018-02-22,10660.4,11039.1,9939.09,10005.0,136874909
2018-02-23,9937.07,10487.3,9734.56,10301.1,148881934
2018-02-24,10287.7,10597.2,9546.97,9813.07,148996107
2018-02-25,9796.42,9923.22,9407.06,9664.73,121380718
2018-02-26,9669.43,10471.6,9501.73,10366.7,138459475
2018-02-27,10399.0,10878.5,10246.1,10725.6,162536959
2018-02-28,10687.2,11089.8,10393.1,10397.9,163346773
2018-03-01,10385.0,11052.3,10352.7,10951.0,176203976
2018-03-02,10977.4,11189.0,10850.1,11086.4,134273822
2018-03-03,11101.9,11528.2,11002.4,11489.7,175769922
2018-03-04,11497.4,11512.6,11136.1,11512.6,148373214
2018-03-05,11532.4,11704.1,11443.9,11573.3,151343012
2018-03-06,11500.1,11500.1,10694.3,10779.9,159412690
2018-03-07,10803.9,10929.5,9692.12,9965.57,160452119
2018-03-08,9951.44,10147.4,9335.87,9395.01,165092329
2018-03-09,9414.69,9466.35,8513.03,9337.55,150510381
2018-03-10,9350.59,9531.32,8828.47,8866.0,141793511
2018-03-11,8852.78,9711.89,8607.12,9578.63,154960783
2018-03-12,9602.93,9937.5,8956.43,9205.12,152419713
2018-03-13,9173.04,9470.38,8958.19,9194.85,140975232
2018-03-14,9214.65,9355.85,8068.59,8269.81,107179800
2018-03-15,8290.76,8428.35,7783.05,8300.86,110893955
2018-03-16,8322.91,8585.15,8005.31,8338.35,106600620
2018-03-17,8321.91,8346.53,7812.82,7916.88,76749288
2018-03-18,7890.52,8245.51,7397.99,8223.68,104936592
2018-03-19,8344.12,8675.87,8182.4,8630.65,105045309
2018-03-20,8586.53,9051.02,8389.89,8913.47,100777301
2018-03-21,8937.48,9177.37,8846.33,8929.28,101830088
2018-03-22,8939.44,9100.71,8564.9,8721.57,114040144
2018-03-23,8728.47,8844.38,8360.62,8820.54,110408172
2018-03-24,8879.62,8996.18,8665.7,8682.62,93006459
2018-03-25,8668.12,8682.01,8449.1,8494.44,76739293
2018-03-26,8495.78,8530.08,7921.43,8210.22,106811983
2018-03-27,8209.4,8232.78,7797.28,7840.16,115954932
2018-03-28,7833.04,8122.89,7809.17,7980.12,97769111
2018-03-29,7954.48,7994.33,7081.38,7162.96,103267656
2018-03-30,7165.7,7276.66,6683.93,6895.3,101260504
2018-03-31,6890.52,7207.85,6863.52,6978.18,86527434
2018-04-01,6973.53,7060.95,6526.87,6844.23,73359676
2018-04-02,6844.23,7135.47,6816.58,7075.72,88339581
2018-04-03,7083.8,7530.94,7072.49,7458.04,110098515
2018-04-04,7456.11,7469.88,6803.88,6852.8,106276198
2018-04-05,6853.84,6933.82,6644.8,6811.29,100762222
2018-04-06,6811.47,6857.49,6575.0,6629.87,113755776
2018-04-07,6636.32,7050.54,6630.51,6903.16,96928388
2018-04-08,6911.09,7111.56,6911.09,7023.38,69410032
2018-04-09,7023.38,7178.11,6661.99,6763.45,108509013
2018-04-10,6770.73,6872.41,6704.15,6839.1,111974491
2018-04-11,6834.76,6950.45,6817.59,6939.18,102711556
2018-04-12,6957.047422222225,7945.522354948805,6771.780167224083,7926.600582959641,127116725
2018-04-13,7947.875807692306,8204.446148409896,7775.925037037036,7858.320396825395,119200430
2018-04-14,7859.809760956176,8152.130802139043,7828.1833584905635,7994.162746478875,109405130
2018-04-15,8051.26462809918,8384.204089347082,8051.26462809918,8355.635478723412,138091956
2018-04-16,8355.07,8371.15,7925.73,8052.68,136377087
2018-04-17,8058.67,8285.96,7881.72,7906.81,117850619
2018-04-18,7906.81,8197.8,7886.01,8162.99,107860471
2018-04-19,8163.42,8298.69,8138.78,8282.55,111333630
2018-04-20,8294.31,8880.23,8244.54,8836.46,112080351
2018-04-21,8836.46,8997.57,8652.15,8883.36,121472732
2018-04-22,8883.36,9001.64,8779.61,8802.53,89362220
2018-04-23,8802.53,8958.55,8788.81,8930.91,116629371
2018-04-24,8930.88,9732.61,8927.83,9732.61,153728492
2018-04-25,9697.5,9745.32,8799.84,8826.28,128246006
2018-04-26,8845.74,9280.92,8727.09,9280.92,124696233
2018-04-27,9281.51,9375.47,8999.6,9011.78,135704382
2018-04-28,8987.05,9412.09,8931.99,9343.42,108024504
2018-04-29,9348.48,9531.49,9193.71,9415.09,98459350
2018-04-30,9419.08,9477.14,9166.81,9247.19,115950098
2018-05-01,9240.55,9255.88,8891.05,9105.53,106325257
2018-05-02,9119.01,9256.52,9015.14,9233.72,122870327
2018-05-03,9235.92,9798.33,9188.15,9755.31,131006619
2018-05-04,9743.86,9779.2,9585.96,9715.82,134341397
2018-05-05,9700.76,9964.5,9695.12,9843.13,116911068
2018-05-06,9858.15,9940.14,9465.25,9646.74,103855594
2018-05-07,9654.8,9665.85,9231.53,9369.84,130105388
2018-05-08,9373.01,9462.75,9127.77,9249.75,127189508
2018-05-09,9234.82,9369.74,9031.62,9324.28,117215114
2018-05-10,9325.18,9396.04,9040.52,9040.52,112889712
2018-05-11,9043.94,9052.96,8394.46,8462.5,136554434
2018-05-12,8441.49,8664.86,8223.5,8499.34,106244144
2018-05-13,8504.89,8773.55,8395.12,8723.64,85249885
2018-05-14,8723.94,8881.12,8367.97,8719.89,115152899
2018-05-15,8716.79,8836.19,8456.45,8515.22,115492854
2018-05-16,8510.38,8510.38,8175.49,8358.62,108521279
2018-05-17,8368.83,8445.54,8054.12,8085.7,113508577
2018-05-18,8094.32,8274.12,7974.82,8251.45,124163681
2018-05-19,8250.97,8372.06,8183.35,8241.68,89308740
2018-05-20,8247.18,8562.41,8205.24,8515.58,79878888
2018-05-21,8513.25,8557.52,8365.12,8409.37,118540734
2018-05-22,8418.99,8423.25,8004.58,8049.56,105302581
2018-05-23,8041.78,8054.66,7507.88,7566.26,121128942
2018-05-24,7566.26,7738.6,7331.14,7593.13,103794675
2018-05-25,7587.34,7659.14,7392.65,7453.44,109952256
2018-05-26,7480.14,7595.16,7349.12,7358.47,79077728
2018-05-27,7355.88,7381.74,7270.96,7364.09,73529702
2018-05-28,7368.22,7419.05,7100.89,7134.68,110724540
2018-05-29,7134.68,7526.42,7090.68,7467.58,115623976
2018-05-30,7467.58,7573.77,7313.6,7406.19,108865222
2018-05-31,7406.52,7608.9,7361.13,7491.64,120112440
2018-06-01,7491.64,7604.73,7407.34,7539.14,119778383
2018-06-02,7539.14,7695.83,7497.26,7646.74,94637536
2018-06-03,7643.45,7754.89,7613.04,7720.25,125665266
2018-06-04,7720.25,7753.82,7474.04,7499.48,193167193
2018-06-05,7499.48,7643.23,7397.0,7625.55,148425827
2018-06-06,7625.55,7680.43,7502.01,7656.09,145724039
2018-06-07,7653.98,7741.27,7650.82,7676.55,154752767
2018-06-08,7676.55,7698.19,7558.4,7631.9,130041634
2018-06-09,7631.9,7683.58,7565.0,7565.0,90170201
2018-06-10,7565.0,7565.0,6709.07,6784.03,96384743
2018-06-11,6784.03,6910.18,6706.63,6901.13,110979410
2018-06-12,6906.92,6907.96,6542.08,6566.2,151467297
2018-06-13,6566.2,6631.66,6285.63,6342.43,130513524
2018-06-14,6342.43,6707.14,6334.46,6681.42,113757991
2018-06-15,6681.42,6681.42,6433.87,6460.85,122544882
2018-06-16,6456.58,6592.49,6402.29,6538.65,78602815
2018-06-17,6538.65,6589.11,6499.54,6503.94,77027892
2018-06-18,6503.94,6781.14,6446.68,6733.38,106333632
2018-06-19,6734.82,6822.5,6709.92,6759.1,140779779
2018-06-20,6759.1,6821.56,6611.88,6776.84,167034072
2018-06-21,6776.55,6810.94,6715.17,6737.58,104784965
2018-06-22,6729.74,6747.08,6006.6,6083.68,120035233
2018-06-23,6083.68,6224.82,6071.81,6166.8,85454451
2018-06-24,6166.8,6223.78,5826.41,6168.79,82827067
2018-06-25,6168.79,6327.37,6119.68,6260.63,144536505
2018-06-26,6260.63,6290.16,6096.19,6096.19,155818762
2018-06-27,6096.19,6180.0,6052.85,6154.48,131611349
2018-06-28,6157.13,6170.41,5870.89,5903.44,108186252
2018-06-29,5898.13,6263.38,5834.57,6220.76,112671073
2018-06-30,6218.3,6465.51,6214.22,6396.98,139156905
2018-07-01,6396.98,6440.84,6283.54,6388.12,103617716
2018-07-02,6380.38,6684.02,6305.7,6614.92,139194538
2018-07-03,6596.66,6678.6,6447.75,6533.56,129158532
2018-07-04,6529.59,6788.6,6446.61,6609.7,125286880
2018-07-05,6599.71,6750.76,6546.65,6643.34,107321914
2018-07-06,6643.34,6713.76,6536.09,6674.68,109612543
2018-07-07,6673.5,6867.91,6579.24,6859.53,83751108
2018-07-08,6856.93,6891.79,6741.44,6762.01,93514183
2018-07-09,6762.01,6840.58,6731.04,6746.22,144165280
2018-07-10,6746.22,6763.39,6320.72,6328.33,144696133
2018-07-11,6330.77,6444.86,6330.77,6393.59,135844045
2018-07-12,6397.33,6397.64,6136.42,6228.81,166208989
2018-07-13,6228.81,6312.52,6188.93,6236.49,159186630
2018-07-14,6238.22,6297.17,6208.36,6275.18,154165937
2018-07-15,6278.12,6403.46,6255.66,6359.64,102889305
2018-07-16,6357.01,6742.49,6357.01,6742.49,111415686
2018-07-17,6739.65,7387.24,6681.82,7318.74,144526540
2018-07-18,7315.32,7535.79,7280.47,7370.78,182016239
2018-07-19,7370.78,7500.99,7295.46,7466.86,125557617
2018-07-20,7467.4,7595.66,7321.91,7354.94,125502542
2018-07-21,7354.92,7439.69,7259.31,7418.71,98008844
2018-07-22,7418.38,7537.95,7381.49,7418.49,82072754
2018-07-23,7414.71,7770.97,7409.1,7713.31,147692597
2018-07-24,7713.31,8424.27,7705.5,8424.27,145812559
2018-07-25,8388.36,8416.87,8083.95,8181.39,170752435
2018-07-26,8181.39,8291.62,7878.71,7951.58,127219614
2018-07-27,7951.58,8263.23,7845.91,8167.81,147941594
2018-07-28,8170.33,8223.08,8107.01,8188.85,110007543
2018-07-29,8189.42,8275.46,8143.65,8221.44,91621976
2018-07-30,8219.74,8230.61,7901.41717213,8183.56562256,122040434
2018-07-31,8178.61764245,8181.52878177,7692.33299997,7774.87303565,139625935
2018-08-01,7766.30485945,7769.04274692,7503.53726155,7624.90741594,148520551
2018-08-02,7635.42838444,7711.68224188,7523.68433409,7567.15160233,123400100
2018-08-03,7567.15160233,8450.26779981,7326.65047804,7436.26183554,138391442
2018-08-04,7436.60401531,7495.70710383,6984.07097097,7032.21316739,100979431
2018-08-05,7032.71453312,7100.1615832,6936.19809726,7064.02626634,92442290
2018-08-06,7066.14423605,7166.66029543,6882.44545177,6951.2803658,137629648
2018-08-07,6959.85005418,7146.67685151,6748.24187176,6753.71764839,153433353
2018-08-08,6752.15218658,6752.15218658,6227.43401669,6305.80304475,127569614
2018-08-09,6305.80304475,6625.72998477,6261.72357749,6568.02168724,119792495
2018-08-10,6568.02168724,6590.68779631,6118.96250032,6184.71178367,139391948
2018-08-11,6183.54063257,6460.2080822,6108.05294685,6289.74605164,103899042
2018-08-12,6306.93346002,6407.22437006,6230.72982177,6335.06058091,90547764
2018-08-13,6335.06058091,6537.05398292,6215.85432323,6297.96664043,135918993
2018-08-14,6296.49101808,6299.12042221,5969.69634156,6199.71276805,137556526
2018-08-15,6199.71276805,6589.07739759,6199.71276805,6293.27724365,127298039
2018-08-16,6308.52028016,6482.60896654,6271.78664082,6324.7423257,120333285
2018-08-17,6324.7423257,6583.27546795,6324.7423257,6580.62933687,126568634
2018-08-18,6578.94941215,6618.30838939,6351.84186473,6423.68691813,94354840
2018-08-19,6423.68691813,6546.13002522,6359.44015364,6506.06881185,89772304
2018-08-20,6500.6994687,6535.25563213,6291.55382128,6305.19259562,122676785
2018-08-21,6303.94725062,6501.73366339,6292.00719209,6496.258447,115353908
2018-08-22,6495.1018745,6817.77020725,6310.64345839,6376.83461362,123920801
2018-08-23,6376.70664074,6551.04339262,6371.34111377,6534.87662447,114434837
2018-08-24,6542.07237178,6720.44837721,6500.17497212,6717.68298629,119774036
2018-08-25,6717.68298629,6792.36429637,6700.95484657,6769.94985511,103034071
2018-08-26,6759.09915343,6773.82977322,6619.400943,6715.64805358,98492088
2018-08-27,6713.80136574,6881.56612007,6669.0272609,6881.56612007,129718765
2018-08-28,6892.10519439,7114.7613982,6882.33829232,7096.27708292,134568063
2018-08-29,7086.57592616,7117.90663498,6964.58196675,7046.07682983,126148514
2018-08-30,7047.16114705,7067.99684068,6831.66804318,6981.57685708,125876204
2018-08-31,6978.23288964,7065.60261415,6919.50817856,7036.75531489,125360336
2018-09-01,7034.96395702,7239.201426,7034.0119876,7193.41650052,116111298
2018-09-02,7195.85795239,7308.81824629,7132.89617071,7269.10081969,93401657
2018-09-03,7272.71549921,7319.68169823,7208.147918,7264.79922436,121877447
2018-09-04,7264.79922436,7388.13194836,7256.58349676,7362.7119946,120623590
2018-09-05,7361.66475849,7389.62932768,6818.83022958,6818.83022958,133049719
2018-09-06,6818.83022958,6818.83022958,6397.83087006,6538.48023324,133149659
2018-09-07,6529.16979552,6560.91395094,6396.47448804,6463.22559639,135214725
2018-09-08,6463.22559639,6534.25048972,6191.9968963,6223.43011665,106529549
2018-09-09,6225.98232518,6446.78576915,6199.37401442,6303.80648503,100356733
2018-09-10,6300.86031175,6376.6881587,6292.76478718,6329.69690852,121327007
2018-09-11,6331.94595358,6397.90495355,6255.40575791,6324.59015192,132749033
2018-09-12,6321.19570661,6363.87326053,6263.41630201,6360.69694706,119057022
2018-09-13,6355.91187223,6541.37750269,6353.85007242,6521.23827161,121164658
2018-09-14,6518.36433792,6598.17817109,6455.75026694,6512.70548453,139542605
2018-09-15,6512.70548453,6564.36669539,6490.70242876,6544.13620369,110532595
2018-09-16,6543.28885962,6544.21086985,6457.7570833,6514.52997091,87145963
2018-09-17,6514.57739085,6540.65333942,6254.59308515,6281.19609296,122485921
2018-09-18,6278.35241356,6387.28637784,6265.76047439,6369.18712761,132908315
2018-09-19,6371.29697231,6451.86193211,6208.32839997,6394.89073566,125439465
2018-09-20,6399.65142366,6529.25741499,6396.45298865,6523.44829872,125466658
2018-09-21,6519.66627441,6800.90162513,6503.93552102,6734.95239431,145717484
2018-09-22,6734.95239431,6831.5178838,6610.78940808,6722.22113413,113408960
2018-09-23,6719.72614874,6774.64017087,6678.24346625,6707.26095584,98293592
2018-09-24,6710.63466345,6713.56203665,6577.60352374,6595.41332528,119402810
2018-09-25,6591.36266358,6605.24370531,6379.88808667,6444.41067269,129775259
2018-09-26,6449.81866052,6570.00922456,6397.80606631,6498.32602721,124775632
2018-09-27,6494.99928902,6714.19236759,6463.77692669,6680.71461176,125366919
2018-09-28,6680.71461176,6786.52718268,6595.66034866,6642.0772968,131643236
2018-09-29,6647.41279,6647.41279,6512.27911378,6601.9553879,105342877
2018-09-30,6601.9553879,6645.74316442,6565.36968231,6627.99449465,102098664
2018-10-01,6627.99449465,6653.29595261,6541.11620301,6587.61149413,135369166
2018-10-02,6590.6064905,6611.83560423,6537.85285112,6556.09866089,139054209
2018-10-03,6556.09866089,6578.75592921,6450.45729291,6502.59044747,121493984
2018-10-04,6499.15655161,6605.22923697,6497.90873172,6576.20339269,119744844
2018-10-05,6575.56365545,6623.24855172,6557.40798207,6622.48483682,125160207
2018-10-06,6622.48483682,6628.54385888,6578.60932442,6589.05284411,115219568
2018-10-07,6587.19174566,6642.72974141,6556.59705275,6602.94525849,118075646
2018-10-08,6602.94525849,6677.31065986,6574.72247189,6652.22623715,130252647
2018-10-09,6652.22623715,6660.07196484,6604.59077527,6640.64745929,125589158
2018-10-10,6642.64455425,6642.64455425,6537.86133241,6585.17755768,129105445
2018-10-11,6585.53439894,6588.48090505,6249.09003203,6249.09003203,146356573
2018-10-12,6250.27577953,6329.09651259,6235.73606994,6273.19669603,148917385
2018-10-13,6270.73224706,6306.49588941,6260.1015815,6289.0009018,121497651
2018-10-14,6285.98804466,6363.21029889,6280.04838906,6292.23246896,109093953
2018-10-15,6290.92777263,7006.89052154,6260.53733126,6605.26103468,152834542
2018-10-16,6596.54258247,6680.16535203,6572.16904049,6600.67720695,143901227
2018-10-17,6596.11434259,6606.20181075,6516.62508501,6546.16332001,144744246
2018-10-18,6548.70916816,6569.093074,6450.04316962,6474.64724903,137430574
2018-10-19,6478.5726516,6493.73421255,6444.09380194,6466.010535,144528494
2018-10-20,6465.41159242,6497.71529391,6448.2485128,6489.46975308,126919414
2018-10-21,6489.19477636,6559.6658418,6475.99598716,6482.34812955,113601895
2018-10-22,6482.34812955,6548.67795488,6461.30173383,6491.98212347,142011345
2018-10-23,6487.1559658,6504.63636807,6446.83288691,6475.72971532,143510331
2018-10-24,6475.72971532,6523.06984716,6468.65246896,6495.42836241,128968758
2018-10-25,6495.42836241,6505.73218127,6446.85731534,6481.17082835,141807423
2018-10-26,6481.17082835,6500.43567738,6450.36578493,6477.84565348,151252740
2018-10-27,6474.34558716,6507.40881389,6452.2213714,6480.28670898,124240784
2018-10-28,6485.92009843,6503.24196113,6448.55448887,6486.38627137,115912147
2018-10-29,6489.04700264,6503.59788917,6303.58565274,6332.78870464,143588250
2018-10-30,6332.78870464,6368.72689172,6309.67058049,6334.7409058,145271597
2018-10-31,6331.21123285,6349.19835014,6314.15087211,6317.75009974,149625440
2018-11-01,6318.11681543,6548.40118055,6311.88731611,6375.52621667,150782969
2018-11-02,6377.7813249,6398.72535654,6324.85106367,6390.638615,159689211
2018-11-03,6387.44366788,6400.07032535,6342.37452157,6361.25774213,142513540
2018-11-04,6362.27659663,6389.57362561,6292.87977412,6376.12939278,127285443
2018-11-05,6376.12939278,6493.71318438,6352.42717386,6427.46426537,150337459
2018-11-06,6419.65859999,6463.54538729,6408.04640813,6455.27908945,137176383
2018-11-07,6461.01247808,6552.55714481,6461.01247808,6520.93366356,148690968
2018-11-08,6522.72420675,6537.22328848,6436.07318112,6457.20299168,141523641
2018-11-09,6457.20299168,6458.22436985,6372.48799379,6387.24987785,144123068
2018-11-10,6385.87896765,6438.82258146,6383.07600521,6407.74044747,125132647
2018-11-11,6409.22039144,6429.30460372,6349.49806046,6408.83301083,127563016
2018-11-12,6408.83301083,6435.44421476,6358.94215289,6373.10496784,149314356
2018-11-13,6372.12589746,6395.27463113,6342.13346661,6357.23195512,133158983
2018-11-14,6362.12532143,6371.55145458,5540.73125013,5722.33950975,147748140
2018-11-15,5738.34903224,5777.08254431,5358.37779035,5645.59292107,151545025
2018-11-16,5648.33060134,5663.96385358,5498.78212711,5574.75499615,145884844
2018-11-17,5575.27208481,5579.92649261,5519.56106175,5554.80989136,132515219
2018-11-18,5554.32996162,5653.18301589,5554.32996162,5622.02160278,117334036
2018-11-19,5622.02160278,5623.5539702,4841.00172839,4875.14239003,138645996
2018-11-20,4866.81174897,4953.55170901,4260.82353076,4415.07400339,158849539
2018-11-21,4451.87400665,4675.72655534,4350.26989249,4602.16771504,127386737
2018-11-22,4602.16771504,4629.41025513,4365.63793866,4368.73234691,148609812
2018-11-23,4365.93908472,4397.5215388,4198.05243904,4346.01843265,141344575
2018-11-24,4348.75627476,4413.76475723,3791.91160362,3883.35938868,140129889
2018-11-25,3880.76013923,4120.87639889,3579.82276596,4015.13130391,128297782
2018-11-26,4009.96804074,4108.57505641,3642.425641,3775.08662841,131626763
2018-11-27,3779.13170862,3857.78402149,3660.42586755,3813.57141959,140290883
2018-11-28,3820.72327906,4385.89485524,3817.01069843,4260.82825547,131165147
2018-11-29,4266.9854563,4414.34460065,4141.93037751,4274.74204089,126187356
2018-11-30,4278.84645524,4322.97639207,3945.99569364,4016.44911794,122154151
2018-12-01,4017.26845712,4309.37731216,3967.38577673,4215.68477834,132443548
2018-12-02,4214.67193177,4306.81129147,4109.36738106,4138.38283552,114561113
2018-12-03,4139.8780641,4157.14164169,3839.51570391,3892.75933911,125478355
2018-12-04,3891.88798435,4026.18237842,3832.74993843,3996.74820738,149469691
2018-12-05,3881.85009559,3881.85009559,3753.99482663,3753.99482663,134734529
2018-12-06,3754.07446712,3874.96603127,3521.10172384,3521.10172384,147364918
2018-12-07,3512.59040851,3512.59040851,3280.22875211,3419.93720035,139301730
2018-12-08,3421.9104035,3506.04339159,3350.65070337,3476.11471452,123235533
2018-12-09,3473.22762038,3685.30559965,3469.09435766,3616.21025798,121407718
2018-12-10,3614.23427278,3647.33258231,3469.23227963,3505.47968254,141460471
2018-12-11,3502.12716588,3511.66598694,3390.87800207,3423.51948812,134536853
2018-12-12,3424.86024827,3533.54965563,3413.37491883,3481.23667359,135985923
2018-12-13,3488.37512338,3491.14869945,3297.88636316,3312.00352486,141992494
2018-12-14,3313.56557837,3332.10116407,3207.46816435,3242.19413359,154517048
2018-12-15,3243.31335167,3274.51022774,3190.11419017,3237.05708474,140284481
2018-12-16,3233.72596951,3302.72000162,3233.64067279,3255.22013802,117250918
2018-12-17,3252.01946813,3597.2928444,3251.59989303,3545.35139009,158469786
2018-12-18,3545.87538463,3699.43898859,3487.94617371,3695.4306338,137991110
2018-12-19,3702.46997121,3946.95497666,3686.31066828,3747.42985778,161578257
2018-12-20,3744.95743169,4194.03065526,3728.58409938,4132.2252904,153745129
2018-12-21,4136.69704069,4199.53328128,3848.87363267,3894.39321098,146720172
2018-12-22,3896.25315443,4012.35818364,3855.67472957,4012.16458122,141083959
2018-12-23,4016.31126564,4083.97597255,3976.68124153,3998.52858546,130261818
2018-12-24,4001.98726782,4268.82960574,4001.98726782,4080.47896096,141723471
2018-12-25,4081.96436875,4088.26451605,3763.20308737,3815.49060966,130629341
2018-12-26,3819.66669066,3893.35973112,3769.86381605,3855.93115879,139610534
2018-12-27,3857.29751969,3874.41687968,3645.44843766,3659.30990152,154038571
2018-12-28,3654.83353854,3956.05826859,3642.63210325,3926.3291364,155342764
2018-12-29,3927.47344811,3962.6365555,3827.77729964,3827.77729964,134325078
2018-12-30,3823.85216869,3901.81909107,3799.32231396,3867.27236149,134136661
2018-12-31,3866.46734786,3868.57667807,3725.03021836,3741.29679518,137648427
