Timestamp,Open,High,Low,Close,Volume
2014-01-01,731.903411882,753.981553104,731.903411882,753.405480556,21346662
2014-01-02,751.161970052,798.2436427300001,742.8400064780001,784.280603894,28405765
2014-01-03,782.968261172,816.864470154,768.6465619940001,807.915916232,31500478
2014-01-04,807.8165956619999,828.7459845879999,792.146836872,828.7459845879999,26004448
2014-01-05,829.028304986,933.1198898659999,828.061490758,904.7600750739999,31874485
2014-01-06,906.6701119080001,993.012671154,887.2568697,917.382725522,37645579
2014-01-07,915.7937051659999,941.8773635560001,789.593524042,789.593524042,31114343
2014-01-08,778.222934732,846.5568567119999,768.3688510260001,822.864923038,30314966
2014-01-09,830.2687184719998,844.7333391100001,785.913197922,825.8665006040001,29248412
2014-01-10,823.741218994,858.6030641519999,805.451087872,854.445450584,27201658
2014-01-11,852.296409132,906.1289698759999,850.8371714479999,893.6831232820001,29282110
2014-01-12,895.333941246,904.04404794,827.508603914,843.286613774,25944444
2014-01-13,840.97690943,843.535720248,789.213772588,822.530427934,27996437
2014-01-14,824.566519444,836.1150065940001,804.482518704,815.996819406,28151350
2014-01-15,815.30019049,848.86299475,812.45745192,840.1151583520001,29682359
2014-01-16,841.164428006,847.73468916,814.4962523859999,814.4962523859999,29399740
2014-01-17,812.330405534,818.887922492,770.6144133939999,794.5266687980001,28793316
2014-01-18,796.84108194,816.204482146,796.84108194,811.37762176,25078955
2014-01-19,810.983856048,841.4564324119999,795.5558779239999,841.4564324119999,24042099
2014-01-20,842.1750903239999,844.599717634,817.145194882,826.696425026,35802980
2014-01-21,825.9990557020001,833.821904742,815.0225156139999,824.875769878,36367413
2014-01-22,824.4221674339999,824.4221674339999,805.899371318,818.534270204,32799113
2014-01-23,819.138,823.168,803.330035602,810.869203164,32741727
2014-01-24,810.14861073,810.1754649999999,768.594530864,779.3849452420001,32166736
2014-01-25,779.633616724,816.8241085200001,775.011168556,805.652675222,27300623
2014-01-26,805.635530356,831.98114621,796.9776483459999,814.847146534,26973237
2014-01-27,814.609057004,822.597016814,729.2448187480001,746.678657078,32509480
2014-01-28,749.5395848119999,811.5336222520001,742.2571064240001,785.9504199859999,33077520
2014-01-29,785.2093090000001,804.5652399560001,783.3840817280001,794.098192396,29120650
2014-01-30,794.1089188020001,810.0969831919999,772.8600955020001,799.5229998400001,30577764
2014-01-31,799.801687688,808.890884554,792.377236548,802.998525562,30709345
2014-02-01,803.08897018,825.783272108,803.08897018,813.159890274,28516723
2014-02-02,813.4994616839999,824.9589929800001,810.5421420179999,814.932732602,29308575
2014-02-03,813.4936793459999,814.99,801.323850846,808.5,32590491
2014-02-04,807.01483199,811.6554764059999,797.4866546340002,801.39173376,37912409
2014-02-05,801.999143152,807.651740264,779.9879977940001,780.917515036,36921241
2014-02-06,783.182313112,794.9143906840001,756.181896196,762.981093598,38079205
2014-02-07,761.805554048,762.9350615340002,630.0281968,708.3660443880001,37881922
2014-02-08,704.179225556,722.541836424,670.81265697,679.578138862,33844708
2014-02-09,674.1200582280001,725.3520220560001,666.9494935360001,687.314088924,28893017
2014-02-10,686.562965162,702.8443287460001,536.1585535199999,688.4182184199999,32729300
2014-02-11,688.9983416140001,714.6646698960001,636.4860187020001,675.110840662,32530109
2014-02-12,673.979627184,683.4743409380001,642.216684696,652.543163334,44538280
2014-02-13,651.710844624,659.407133664,605.551711186,605.83889448,38591034
2014-02-14,605.42906566,705.0030291,546.8820015059999,670.0066271759999,42772642
2014-02-15,669.938419052,670.610044198,633.880815592,655.269274756,33582483
2014-02-16,654.395845686,668.997483386,598.2557754080001,620.641121662,28233729
2014-02-17,621.81520343,661.4023965700001,610.941364434,632.4809440480001,33458043
2014-02-18,633.38744049,649.779516686,611.378793068,629.1273936299999,36625200
2014-02-19,628.19493129,635.8688232480001,619.433271162,624.838114922,40987860
2014-02-20,624.838136344,630.42335244,562.2492199640001,562.5895875420001,39955502
2014-02-21,560.249881084,587.177681538,536.1994399040001,581.290525096,38752782
2014-02-22,583.5971850379999,614.110857464,563.5976371280001,611.552214376,33138951
2014-02-23,611.4400235339999,644.73751523,603.7467063380001,608.198850544,35225557
2014-02-24,608.8347277400001,609.473733156,533.5299734419999,536.8594994299999,43026454
2014-02-25,528.1865117440001,542.086040178,403.021674696,536.2111523420001,45251437
2014-02-26,533.878873808,608.375826668,531.97559965,585.5174387139999,42731286
2014-02-27,585.0973549639999,598.801086342,571.9222766299999,583.057392048,38921735
2014-02-28,583.5329668100001,588.393928822,546.7525106119999,551.4270378320001,42727357
2014-03-01,545.2975974020001,575.60276129,540.1954630719999,566.7533114280001,37538801
2014-03-02,567.455792414,570.727118068,554.4801410580001,563.2946821140001,33391277
2014-03-03,563.155987648,701.761155626,563.155987648,676.820067156,49066024
2014-03-04,677.525998348,698.3208707240001,661.947074628,673.387906086,53152537
2014-03-05,673.6821172719999,678.596890334,652.8833964400001,670.1076203939999,44132262
2014-03-06,669.3986009500001,674.333896218,652.725958834,669.219942962,42315435
2014-03-07,669.657444242,669.657444242,616.67576492,632.308556588,41256070
2014-03-08,632.753326478,637.7760993620001,606.4437888559999,620.6247192339999,35382582
2014-03-09,617.992392558,648.47835235,614.418,638.418612898,35695230
2014-03-10,638.836986358,645.9129185439999,611.802888792,629.382,41404478
2014-03-11,628.5010288619999,638.70285338,616.3467745959999,635.03872797,42126267
2014-03-12,632.2596030340001,652.618486608,631.88079376,633.854888054,43512495
2014-03-13,634.9895856400001,649.0603076919999,633.3359216380001,641.6025862160001,41514023
2014-03-14,640.7370046399999,644.606699148,626.044033752,629.8350340720001,40638981
2014-03-15,630.946389436,639.8207474799999,626.684066836,637.415090218,30647994
2014-03-16,636.844331602,638.749396534,630.4372254980001,634.8101052919999,28565917
2014-03-17,634.273459464,634.872,619.9905736480001,622.84479101,33956909
2014-03-18,622.642869692,623.840735556,600.459452008,614.438939238,25501463
2014-03-19,613.7124100819999,620.9851802139999,606.401453536,611.19495134,35546798
2014-03-20,610.718668794,610.718668794,583.6317116719999,586.953250296,38255814
2014-03-21,586.4505807319999,606.828515944,562.155328006,570.012095636,43447584
2014-03-22,569.600447218,571.792295856,548.409542238,564.545464148,41234354
2014-03-23,564.191851338,568.73529797,557.07852261,559.690294744,30901543
2014-03-24,561.7339428140001,589.765330318,547.0,584.911571278,40783506
2014-03-25,585.45262454,586.066360872,569.905603064,583.845073968,38640675
2014-03-26,583.222818436,590.45180902,567.395876744,579.087233466,38663729
2014-03-27,581.4146991480001,581.4146991480001,472.14433733800007,472.14433733800007,41216139
2014-03-28,479.15828344600004,523.553442424,470.99997069,501.09610014200007,38200384
2014-03-29,502.74045943399994,507.17240867199996,488.153188304,491.9478371900001,30154520
2014-03-30,491.2106189700001,491.2106189700001,438.09524901000003,458.77462072399993,32473002
2014-03-31,460.18888505000007,483.214619744,440.25027208399996,457.02355456799995,37632330
2014-04-01,455.592982028,502.414111444,454.549437512,479.31229068600004,37200286
2014-04-02,479.14513386600004,493.290898724,432.60967573,439.626726544,38576951
2014-04-03,438.050092702,456.66556583199997,416.862510842,449.53955801,35671819
2014-04-04,450.45490486399996,457.836299832,431.188346102,451.900550232,38526253
2014-04-05,450.490645986,463.62556298400006,444.49122465600004,463.62556298400006,32730179
2014-04-06,464.18249251200007,464.93999999999994,451.26469816200006,457.883594364,32028578
2014-04-07,460.31076169999994,461.937706344,446.05231097000006,448.95518037,36759452
2014-04-08,446.977629848,458.772469744,446.78104553800006,453.33637541999997,39166222
2014-04-09,453.57,456.976986544,439.627685928,443.06191353799994,39146843
2014-04-10,441.7507559739999,442.26971459799995,359.619699914,363.851086082,39309624
2014-04-11,363.628596968,430.4977404339999,347.778087658,423.4131448,37664201
2014-04-12,422.99799999999993,439.278961844,414.69756752,423.368963092,27289819
2014-04-13,425.05999235999997,427.75,398.40118143,416.86460415399995,30240193
2014-04-14,417.20204804599996,473.61896831399997,408.228348928,459.09800582400004,41611032
2014-04-15,460.82325141599995,526.217172028,454.122617444,522.29491627,43874647
2014-04-16,523.3648112400001,546.786017148,498.500187362,527.687720992,43029291
2014-04-17,528.8837635120001,533.3854130220001,484.96943615199996,498.366678046,37730834
2014-04-18,499.02612939400007,503.292178928,472.803131658,482.26565610000006,32787783
2014-04-19,481.75144557999994,507.197655424,472.97800000000007,504.842390182,30667018
2014-04-20,505.465853576,514.791951104,493.797831048,500.39539342999996,30110034
2014-04-21,500.246385964,513.652567866,494.29477999400007,497.251879218,32518676
2014-04-22,498.77154585200003,504.61093861,486.81062181,489.99280993799994,44282860
2014-04-23,489.97866494,495.2,484.858046214,492.0000000000001,39844551
2014-04-24,491.9930508360001,503.90979503799997,480.1221084299999,502.220952572,42178781
2014-04-25,502.64646242,502.64646242,441.928585982,466.88685158400006,41167392
2014-04-26,466.5221456779999,468.89388156800004,451.49608787999995,461.04532600000005,29262015
2014-04-27,460.521222116,461.439746388,434.374768044,434.374768044,31985996
2014-04-28,430.16592174399995,450.85159095999995,425.34420797599995,442.82037402,36241404
2014-04-29,441.356742492,453.338199522,433.52473942999995,448.0,38764310
2014-04-30,447.41628303799996,452.312129564,436.028669958,448.89941997000005,36967589
2014-05-01,449.057372166,464.872351892,449.057372166,460.70126204400003,33675414
2014-05-02,461.91495017399996,462.491603938,445.111250068,454.35562384599996,33993108
2014-05-03,452.8907404799999,454.09799999999996,431.770679492,439.87207680600005,28818067
2014-05-04,439.28599999999994,441.81798608199995,430.92225565000007,437.933060358,30345139
2014-05-05,435.88,444.164483096,427.202371658,433.0,37323102
2014-05-06,433.0,433.59132480799997,420.92136449,428.01000000000005,42449583
2014-05-07,429.17614832199996,451.47113523199994,426.822853588,440.92028681400006,38761763
2014-05-08,441.10817764599994,449.52291083,439.0813533279999,439.0813533279999,38583365
2014-05-09,439.75281136399997,456.78571272400006,438.134854626,451.468934602,36837417
2014-05-10,452.686,458.26515683200006,449.8,456.543988148,30478722
2014-05-11,457.8881193380001,457.8881193380001,432.3220784399999,439.14571257999995,33024353
2014-05-12,439.19608679000004,443.54957274199995,434.31528967799994,442.46349,41992393
2014-05-13,441.23306432399994,442.63507751,433.573070088,439.10721898599996,37412985
2014-05-14,439.088,449.257811392,438.93002497400005,445.75451883200003,39399144
2014-05-15,445.076202948,451.95166134199997,445.076202948,446.33672478999995,42196202
2014-05-16,446.166,452.0035090519999,445.0,447.269647738,37901523
2014-05-17,447.24370556,451.39,445.86675678,450.0057898,32608423
2014-05-18,449.5597930299999,451.41,445.04549233999995,446.898,31798816
2014-05-19,446.97323689200005,450.0,444.01205328199995,448.17908049199997,40351522
2014-05-20,448.34,498.473003402,447.14,489.19391193599995,43970655
2014-05-21,489.06641914600004,498.646,487.95422734000005,493.694430672,41331190
2014-05-22,493.98972402400005,529.49782271,492.652637112,529.49782271,41998651
2014-05-23,528.6459236359999,546.619101242,521.2446474279999,523.491528154,41302760
2014-05-24,523.7643105180001,528.591661966,515.6401281440001,528.214489126,29637851
2014-05-25,528.447801,584.2706583639999,528.22,573.07334608,35234020
2014-05-26,573.8640161599999,591.141289622,566.504673582,583.558250216,39373787
2014-05-27,582.770881972,593.424321314,552.21107165,573.185524618,40289562
2014-05-28,573.6870336860001,582.2339070060001,564.293549516,580.266611644,42011710
2014-05-29,581.308573808,581.7380530620001,561.9181428180001,570.35,38277708
2014-05-30,572.37,627.650320102,568.91,621.18,36690215
2014-05-31,621.4060000000001,628.450005546,611.071525284,627.3743539159999,30589061
2014-06-01,627.7050929999999,680.867915922,622.0778491,629.8553311400001,35800466
2014-06-02,628.8122850459999,674.2849237759999,616.241457688,662.0855888839999,38416575
2014-06-03,664.4830217800001,679.780297186,653.2425125039999,669.938043516,41694413
2014-06-04,670.4144187280001,672.9026971259999,624.29615105,642.357380702,36856504
2014-06-05,640.61607581,668.04529155,639.8903039960001,661.48,39865361
2014-06-06,660.2636913460001,662.0615514599999,649.0938278240001,649.0938278240001,37909642
2014-06-07,647.811993498,657.122319458,639.142000748,657.122319458,28500883
2014-06-08,657.076,660.2814189200001,652.02,657.9504511279999,30991976
2014-06-09,657.5806300840001,658.4798139999999,641.9619115520001,648.3175507240001,36208577
2014-06-10,648.826626292,657.099242474,643.570210642,648.549935972,39821396
2014-06-11,647.63,651.984,619.77906377,622.5026906339999,36645992
2014-06-12,622.583953772,630.2311643419999,553.078831362,571.006454714,39548470
2014-06-13,571.6224151179999,610.968107784,568.148721418,591.983880914,37609145
2014-06-14,592.424872502,592.424872502,540.37927285,568.1956108239999,31168166
2014-06-15,567.180218172,591.568055638,552.2957531239999,590.40657709,32543463
2014-06-16,591.55645425,609.373871518,584.394741958,586.980456142,40600261
2014-06-17,586.50303656,608.250972174,583.116724102,606.443230048,39417628
2014-06-18,605.6605579039999,615.4901727099999,600.5891070719999,607.0,36980642
2014-06-19,607.984236536,609.79,593.11789317,593.11789317,37717196
2014-06-20,591.170424498,597.804257044,581.7305651419999,588.950932812,33102434
2014-06-21,589.8043102260001,594.142522956,581.0023311699999,589.036790108,31179129
2014-06-22,591.960825548,604.958968992,589.4056775,600.0404249320001,31728071
2014-06-23,600.35195937,601.0,582.040955326,588.193980926,35909893
2014-06-24,588.2313890620001,588.241884328,573.3281355759999,573.3281355759999,37899677
2014-06-25,575.071628986,578.3494616119999,557.76639441,560.4947890579999,37945121
2014-06-26,559.4798903880001,579.770338962,558.823108972,579.622750878,35094534
2014-06-27,580.09,599.929629306,575.7069772540001,599.929629306,36141188
2014-06-28,599.104664616,603.7394330239999,590.5955207659999,590.5955207659999,32346529
2014-06-29,589.7159716479999,601.213849322,589.7159716479999,599.89,30834822
2014-06-30,599.827216794,646.4998483659999,596.37,638.68650652,42938826
2014-07-01,642.2976731379999,658.203095624,638.025772964,639.157792748,43762266
2014-07-02,640.011402964,656.784018618,638.0148716719999,650.071232986,39875821
2014-07-03,650.3723962759999,652.315688884,639.819757566,646.6670635520001,37069975
2014-07-04,647.5739824720001,650.44,622.615811234,627.258726514,32749520
2014-07-05,628.81,632.949673178,624.381530432,630.747663504,27930757
2014-07-06,630.5401322399999,637.691850122,625.9532225639999,631.4238304700001,32932671
2014-07-07,629.5608795539999,635.852833808,613.6078345779999,622.774120722,38065627
2014-07-08,622.09,626.22,618.235165428,624.2982841780001,42749930
2014-07-09,625.069642982,626.8166363820001,618.89,621.8734082320001,42511326
2014-07-10,621.33450413,623.819217,608.20311857,616.775924134,37736406
2014-07-11,616.8654414619999,634.967066342,614.52,634.129679252,36343787
2014-07-12,634.200062216,639.712422728,629.10381156,636.46644725,30388880
2014-07-13,637.8979999999999,638.419165218,626.37359558,630.5449909639999,33980656
2014-07-14,629.439864222,631.893335174,617.038505198,619.701223542,35431227
2014-07-15,621.183694096,624.987080052,618.8850798999999,623.5592835140001,40995869
2014-07-16,623.29000729,624.5051087539999,612.81703034,615.9106732139999,37259825
2014-07-17,615.024492288,628.688185908,611.195723308,623.7643585440001,38771133
2014-07-18,624.518,632.67,619.0821075380001,631.42881345,38504268
2014-07-19,631.8076620520001,632.279841648,625.95,629.726,33778383
2014-07-20,630.0,630.0,620.4294579560001,625.846605424,33044212
2014-07-21,626.8838761119998,627.0069327819999,616.4354299639999,621.830136434,37695027
2014-07-22,621.584959816,624.797737164,618.96,619.567647252,38496311
2014-07-23,618.9466732,622.9789442139999,617.44175636,619.926984708,37971973
2014-07-24,620.991779894,621.98,592.31465355,603.820880232,38556387
2014-07-25,603.97481455,608.874000712,594.0445525060001,602.8812411219999,37497310
2014-07-26,602.880695656,602.99,590.033011936,595.95700884,30531261
2014-07-27,596.239043766,602.488909126,590.161896714,591.9597686699999,33328998
2014-07-28,593.334307096,594.787109912,571.673865124,589.3779206380001,38039043
2014-07-29,587.31322849,591.25984989,578.5402992100001,585.1045461199999,35917609
2014-07-30,584.549477938,585.909739612,559.149733002,563.3470577280001,39581100
2014-07-31,562.2359036380001,588.9192623360001,557.015234524,582.037732788,40794007
2014-08-01,584.18605967,606.28319076,582.2527022020001,598.2,38084350
2014-08-02,597.859348026,598.0373905260001,584.998018886,589.306,30873499
2014-08-03,589.2512554820001,590.453749162,578.4892704279999,586.489508506,30447316
2014-08-04,588.956064218,595.163510112,583.596870398,588.479331236,38489482
2014-08-05,588.5,589.0,579.0345307519999,580.340990122,43676314
2014-08-06,581.734,586.240142422,576.9554551240001,582.416533308,47055270
2014-08-07,582.135265272,591.525158694,579.150267204,584.81249954,39890857
2014-08-08,586.38576296,594.9991319200001,584.788,588.78812401,39818725
2014-08-09,588.143315888,590.590772226,585.362,589.242055856,34645580
2014-08-10,589.498,596.983632,586.02351404,590.785817632,36452346
2014-08-11,590.985904648,590.9899028359999,572.2371018,573.9565111500001,44917758
2014-08-12,574.097447746,574.148,562.153561882,567.831212848,44514228
2014-08-13,569.2683862800001,571.726504792,526.0761359640001,549.790349374,45878792
2014-08-14,549.803900188,549.803900188,498.440555918,507.38701780400004,46535053
2014-08-15,508.662303162,520.5644686339999,485.942948976,501.237741262,42602765
2014-08-16,501.470259202,528.2065772960001,485.52609167,522.748127092,48963283
2014-08-17,522.527034112,524.167805662,486.232692622,498.22564087800004,35968102
2014-08-18,498.13061507000003,509.014642722,447.93962909600003,473.215708716,41620337
2014-08-19,473.80726116799997,493.416956808,458.969435942,491.00693467,41126798
2014-08-20,491.44246263,526.1352459359999,467.58952315799996,518.0240521100001,40950021
2014-08-21,516.5974835899999,533.6132805300001,511.47702003600006,520.3913133,41416113
2014-08-22,520.176775616,525.593730072,502.61085105599994,514.794876152,38831321
2014-08-23,514.654118056,514.654118056,489.76227774999995,496.190259712,31573479
2014-08-24,498.197508604,513.7346731159998,496.463122336,507.644099696,35285045
2014-08-25,507.475108752,508.30846592,497.25003153399996,503.1851232,39736376
2014-08-26,502.88383432599994,515.1915376320001,502.872852366,513.621734654,42236411
2014-08-27,514.3579343200001,522.69793634,510.487966772,511.792230472,42818573
2014-08-28,510.9219024800001,514.97992418,506.288446372,506.53819895799995,38736907
2014-08-29,506.90263656400003,513.548475134,502.068809918,509.04553304800004,35904593
2014-08-30,508.26084835600005,508.916,498.7685413319999,501.001790512,33801409
2014-08-31,501.16108117799996,504.623152072,474.29368127800007,478.87886742800004,33696998
2014-09-01,479.05855565600007,486.38650933200006,472.32792589,475.34660947400005,40251774
2014-09-02,474.82520896000005,484.36979806600004,470.849666934,473.803368534,41462605
2014-09-03,473.715302592,477.98999999999995,471.69029381,474.54419272800004,40231336
2014-09-04,474.5772718,493.45161502,472.25918032,488.60745904,39412053
2014-09-05,489.534,489.844567096,474.03693476,477.642145722,39483630
2014-09-06,477.907473476,484.93325800800005,477.40706381,479.74170882,34918284
2014-09-07,479.6240000000001,482.80163831600004,475.01570168599994,476.11974577,39027405
2014-09-08,477.237114982,477.929794304,459.2198597,468.030480732,42652516
2014-09-09,468.32918448199996,475.648720812,460.992989518,473.375732486,51390782
2014-09-10,473.70459687600004,488.172739366,473.70459687600004,477.60737498399993,48091725
2014-09-11,477.25933307199995,480.0,468.49027022999996,477.41388296800005,36678752
2014-09-12,476.68160195,477.87785182000005,464.47385524000003,474.19739259,37272162
2014-09-13,472.466401444,480.00588251400006,468.357088752,477.127472342,32713597
2014-09-14,477.78824655999995,481.0131620439999,473.82362003200006,474.606315074,43338785
2014-09-15,474.749446334,479.48999999999995,469.57152418,469.57152418,45567581
2014-09-16,469.423046322,473.493143676,462.37872604000006,463.2017233959999,50579329
2014-09-17,463.41600000000005,465.57,444.524499558,452.3290782179999,44657993
2014-09-18,451.00697297,451.15,411.115807968,425.668635086,42274136
2014-09-19,426.024399564,428.75294142599995,379.99811192000004,395.737689734,37787189
2014-09-20,396.46845813199997,429.928232824,390.009570042,410.71515540999997,36583153
2014-09-21,410.785455522,413.2525500379999,395.842208246,400.465411766,35675824
2014-09-22,400.702375916,409.075668412,397.259974704,399.134149668,43658772
2014-09-23,400.011311784,450.499659636,394.05406342000003,439.4156581540001,46366082
2014-09-24,440.57189530999995,441.20382646199994,420.570206588,423.56804793000003,44441344
2014-09-25,423.40926062,423.79039773999995,406.833464638,409.347515356,48668238
2014-09-26,409.967125368,413.851811872,396.932325504,404.57418751600005,41496809
2014-09-27,404.574223674,408.228445684,397.686103126,400.686514188,39119876
2014-09-28,399.0291591,403.66775485999995,371.456484594,375.303150224,42625022
2014-09-29,375.31475331599995,385.502336392,369.298565554,373.990622608,44147574
2014-09-30,374.34779289799997,395.747587878,372.059196162,390.18710973000003,45395544
2014-10-01,390.876821664,392.942058334,377.835404722,383.94373517800005,46483259
2014-10-02,384.54220791600005,385.60674507600004,372.564213388,375.4928339,41184019
2014-10-03,375.00161966200005,377.6,354.62067753400004,357.362980336,42401854
2014-10-04,358.60359245999996,364.75984453800004,323.90308294999994,326.642468598,42555360
2014-10-05,326.663604588,338.705786318,279.57388032200004,323.055049424,45237893
2014-10-06,320.087926272,345.52753437600006,297.734443986,328.049174812,45000441
2014-10-07,328.86539744000004,336.532570102,315.031922432,334.404218494,45105319
2014-10-08,334.415684806,358.03165755,327.531019208,355.992247346,44301162
2014-10-09,356.1829898,387.067579888,350.552456346,364.556226584,44387253
2014-10-10,364.37736645999996,376.574712722,352.55205698,360.938671886,44169373
2014-10-11,360.823314194,366.453290984,352.68754659000007,362.43268194600006,35751878
2014-10-12,363.27698226999996,382.446852736,355.609975404,379.54423350800005,42278385
2014-10-13,378.47092940999994,401.42843421000003,368.842478284,392.32550615599996,45838606
2014-10-14,393.02056334,414.7860870779999,391.728009478,402.42857203799997,48541384
2014-10-15,402.752630872,403.938209438,388.119881394,394.09448195199997,44793296
2014-10-16,394.38155529000005,398.84736026400003,371.58206731200005,383.085283296,42088385
2014-10-17,383.087507036,384.70257878,373.42415042000005,383.06091965599995,41163200
2014-10-18,383.324571334,396.061623282,377.066312326,390.75379734,36804074
2014-10-19,390.312846612,394.115596284,385.09371864,388.575872572,41431229
2014-10-20,388.27527823,389.448206958,377.72468289200003,381.35682622,46218971
2014-10-21,380.41077526,393.5048197,379.533746208,385.846074676,47628009
2014-10-22,385.33059794199994,388.39,380.449421284,382.43631932,45929756
2014-10-23,382.20228002000005,384.340669566,354.365279574,356.566155236,46421700
2014-10-24,357.090909036,362.92010913,349.867307494,358.1904358080001,42796039
2014-10-25,358.27587962999996,359.00443355999994,342.06791320400004,348.157435614,41103393
2014-10-26,348.69,361.382385866,344.81,355.021491172,41577991
2014-10-27,354.923347382,358.14711157799996,349.37296643400003,350.983183486,50034350
2014-10-28,351.306451784,357.210437166,351.21292481800003,355.774005564,48761236
2014-10-29,355.10444235800003,355.49029675,334.445533052,335.093284832,49461891
2014-10-30,336.216688272,350.97440597599996,334.47944846200005,346.12152948600004,50686437
2014-10-31,345.792360344,347.613140762,337.44096585,337.813393346,47703292
2014-11-01,337.958395176,339.384156,318.721368198,324.573484356,38501027
2014-11-02,324.71969695199994,328.697416818,319.06928251399995,324.36579329,48861511
2014-11-03,323.87698378799996,333.749666952,323.73879361800005,325.965872218,51226943
2014-11-04,325.714568934,331.467607256,321.82247911400003,330.07754074400003,49169466
2014-11-05,330.11800316000006,343.87642518999996,330.078026512,338.002215156,48302715
2014-11-06,337.833548524,352.51024983599996,336.86675682599997,349.912207048,53752111
2014-11-07,349.732086804,351.918395666,341.03275008,342.135011436,50719236
2014-11-08,342.022585326,347.00540805,341.35930776,345.74628679,40565013
2014-11-09,345.99999999999994,365.86490152,343.57,365.563844488,47343500
2014-11-10,364.525728996,376.42685137599995,358.07549539800004,365.87042619199997,50852609
2014-11-11,366.03482719000004,371.14221666800006,361.15711632,369.81496743400004,49678543
2014-11-12,370.28406658999995,430.56932384000004,370.28406658999995,424.36606007599994,54531250
2014-11-13,425.03208342199997,453.747879258,384.77030788,420.47480877199996,55187986
2014-11-14,416.0058404079999,418.538979478,383.779462016,399.50063883800004,49907593
2014-11-15,400.13069383799996,406.03451637599994,369.88516119400003,376.62900497399994,40267245
2014-11-16,375.47227027599996,394.831136014,375.002633146,389.797810122,47432003
2014-11-17,389.64066814200004,412.652797294,377.954310626,388.358,52892737
2014-11-18,388.60790160399995,393.941792608,372.42159464,375.089345896,49853971
2014-11-19,374.239426158,386.07279010800005,373.20343719000005,378.896020706,47664211
2014-11-20,378.969493728,381.75884613999995,354.08427285999994,356.462709068,49719973
2014-11-21,356.922131506,357.82952217,343.134181518,350.462287766,46595250
2014-11-22,352.150533094,365.31867236000005,351.36465004400003,353.31120368,40780297
2014-11-23,353.304,372.86932154199997,353.304,367.699086678,47336636
2014-11-24,367.27571714199996,389.61543698,367.18531619799995,375.8525662779999,50911602
2014-11-25,376.24996437600004,394.61921224400004,375.17632319200004,376.590034426,49932596
2014-11-26,376.38404429800005,378.086440074,364.16720182200004,367.557562668,46796437
2014-11-27,371.37744913,374.867218476,367.014234418,369.65427477400004,48772504
2014-11-28,369.40999999999997,381.045046398,358.703917692,376.849520466,48478457
2014-11-29,375.88713993600004,386.266011198,372.30146133200003,375.88472041,42891163
2014-11-30,375.481061436,381.648058322,373.767352892,376.68151586399995,57741831
2014-12-01,376.98168701199995,381.2496963199455,371.53993845258566,376.62900668896464,53950441
2014-12-02,376.3698311644615,382.03759473168856,372.23047751946217,379.06941206171257,58617346
2014-12-03,378.88252120568217,381.81666253163934,374.2977169869139,375.55602754682644,54929532
2014-12-04,376.72025788449963,378.98816374,365.710583554,369.19470388,55227802
2014-12-05,369.165295594,377.79444589,366.016802556,376.0,50504341
2014-12-06,376.44923407,376.68139260399994,371.31462831600004,375.01795153800003,44709769
2014-12-07,374.791918934,377.495348874,373.172,377.14578302999996,44109383
2014-12-08,376.176073734,377.14,361.6342622220001,361.6342622220001,57333749
2014-12-09,362.166573214,363.63373676599997,344.859561044,351.90854790399993,50942721
2014-12-10,352.15476907000004,352.90176548,346.959745012,346.959745012,49762878
2014-12-11,345.172488348,363.59588271800004,340.156285242,348.921944692,48397466
2014-12-12,348.881377684,362.5320299962074,348.56285313999996,352.869712602,46900129
2014-12-13,353.00779751399995,354.048993602,347.53859678200007,350.961507326,41445146
2014-12-14,350.47084428799997,359.066532898,348.21574341,357.141899984,51786764
2014-12-15,356.37224763999996,356.786383464,347.20487349,348.08186068599997,57819739
2014-12-16,348.634787924,348.84895063,328.90113902,328.90113902,61990667
2014-12-17,327.99183806,334.835337566,316.50799419799995,321.598493206,59076557
2014-12-18,321.84982653400004,324.776248644,305.291405104,312.28177588799997,55044054
2014-12-19,312.12153293800003,319.308598586,307.869024224,318.544134062,54538407
2014-12-20,318.526221606,332.517015838,317.01446552000004,331.49050168199994,51414943
2014-12-21,331.231559672,331.32082494,319.56951511399996,320.556787554,46466777
2014-12-22,320.73224365199997,333.57179043400004,320.58,331.997882986,57727309
2014-12-23,332.524,338.86231734200004,328.595036798,336.522172414,58681668
2014-12-24,335.80138346399997,336.45997869,321.506722168,322.522,44472860
2014-12-25,323.03,323.36082959,317.53201843,319.693281002,37074262
2014-12-26,319.81367040799995,331.697760432,316.794,329.31228121600003,41740868
2014-12-27,328.971179918,328.994,312.687979956,316.209387338,44169236
2014-12-28,316.7222305,318.61226004599996,311.58410352799996,317.59399999999994,47268829
2014-12-29,317.68602657200006,320.139016148,311.53666259399995,312.45850041200003,46539033
2014-12-30,313.204648556,316.318279876,310.036078908,311.43002015,46624649
2014-12-31,311.45152464999995,320.992712128,311.001068336,320.992712128,40953277
2015-01-01,320.987414966,320.987414966,313.739880126,314.025456318,30874113
2015-01-02,313.973633188,316.75975869,312.847921148,315.687160984,43663255
2015-01-03,315.31370051199997,316.529809512,283.00653515,283.00653515,47747562
2015-01-04,280.469411976,288.253557776,256.12159620799997,263.80788251599995,48456346
2015-01-05,264.973696706,279.195638938,264.973696706,276.8,56256929
2015-01-06,276.8,276.8,276.8,276.8,49568787
2015-01-07,276.8,276.8,276.8,276.8,47958078
2015-01-08,276.8,327.19,275.46533333199994,284.2775,57366788
2015-01-09,284.2775,297.262244106,284.2775,293.956460672,56814942
2015-01-10,293.936044116,294.59775164999996,273.387104288,275.178914552,58507769
2015-01-11,275.081383418,280.501409668,265.104599912,265.104599912,51627298
2015-01-12,266.311798448,272.265949,264.78379783599996,267.0091753,55097327
2015-01-13,267.18395822800005,267.736622648,219.73608296605101,226.23151002694604,60118915
2015-01-14,225.18395320997615,225.18395320997615,164.4448189653399,172.2093361644184,60906686
2015-01-15,170.47873956786066,231.53793081228469,169.7379668087513,210.22205401982146,63742084
2015-01-16,209.33658772869276,222.47742350015832,199.3483084732865,207.400753385583,54729575
2015-01-17,207.63520745542118,211.80530974936855,195.73519124131218,199.71335481,53910094
2015-01-18,200.22887284200002,219.40326627,195.06398624000002,211.933325656,49011288
2015-01-19,212.06209808600002,218.3392084957858,208.18908043749624,216.21354573944032,57911240
2015-01-20,215.54748506166888,216.3979083544205,205.20891013114516,211.21436810323002,53073623
2015-01-21,212.5272541967667,228.29903662666885,209.57109809126172,227.3673392702163,52676766
2015-01-22,227.99846691336296,238.01753853135227,226.54511559631948,233.0832877620321,53467421
2015-01-23,233.263725514559,236.14523119056315,225.82921359442042,233.64693715257727,48374410
2015-01-24,233.6342221840551,249.7798229498805,227.4262896551724,249.34753805699575,46881572
2015-01-25,249.1401977539884,255.8067826794092,245.0362124092614,254.56624312740095,57142587
2015-01-26,255.4619334940875,306.5647751283482,255.30528050756934,274.3673394383924,62359260
2015-01-27,273.9575558457476,276.564089199656,247.24911877058403,263.8566599952122,57227694
2015-01-28,263.9718532402625,265.6183836295014,228.6054083570657,235.52673814242775,44824860
2015-01-29,235.62912354795293,241.35538024441522,222.11372091204808,235.37804606435822,46229466
2015-01-30,234.94896269945258,244.48915989163024,228.47145635184606,228.47145635184606,43095943
2015-01-31,229.5556041881006,234.59422923589372,217.87861990888882,218.1833214083741,52201934
2015-02-01,218.6622130576152,232.17623334104655,212.5261683073248,227.6223232278307,46466340
2015-02-02,227.27903463193738,239.79321641059315,222.62689971598198,237.9709054988361,48969394
2015-02-03,237.61763098357505,243.72384092265776,225.69595555607233,227.6791825345782,51274037
2015-02-04,228.40127268860851,229.94118448916637,221.73797153607273,227.08019879655745,49370274
2015-02-05,227.34880211775567,228.7834485414449,215.73702668078832,216.85577466626742,47329398
2015-02-06,216.7255618902697,224.97221609850675,215.44373082301476,222.78397787291473,46102238
2015-02-07,223.10174592951017,230.42672258945404,222.66233407191004,229.00185702084914,45251509
2015-02-08,228.85097260827715,231.56841993391157,220.61434882055923,223.96367191496202,53631602
2015-02-09,223.96107979564272,224.88412137547098,217.54887880263004,221.00423895534863,58915046
2015-02-10,221.2997866167588,221.98396055490758,215.205263720959,220.600396870975,57191455
2015-02-11,220.77446263126734,223.423287097828,218.72496007407062,219.72851613123763,54903820
2015-02-12,219.46583594986288,223.5737942221042,218.18227955545626,222.82890337317286,50099232
2015-02-13,223.0756117853015,241.9532351025943,222.05295705630442,236.80501885043395,73136558
2015-02-14,236.65415222193684,258.93231532969776,236.65415222193684,257.0310272347365,66519714
2015-02-15,256.8287466278914,266.8182081991578,228.66145140557046,235.04578132021575,65581566
2015-02-16,235.32151757076454,240.67193479390863,230.26713090535927,234.52568993572527,65098442
2015-02-17,234.37347312759667,246.88976256808155,233.36514414401728,244.70220039160876,66362475
2015-02-18,244.76190638899607,245.6111949925417,233.09707176942484,237.4602610895538,60235655
2015-02-19,237.51277435563034,244.08435184704257,236.09233202672712,241.46005745043004,52391540
2015-02-20,241.0004083718051,248.42427692212317,240.31151402425084,245.34212468697484,60389972
2015-02-21,244.57867455184982,247.61121902176075,244.24816085238348,245.57855416287262,56948254
2015-02-22,245.4333066499533,247.18170260093967,233.75867597874935,236.45729496468238,53744763
2015-02-23,236.87014764875912,240.72128106818482,232.6235067918755,239.22513276094452,57430993
2015-02-24,239.55589035496223,240.8255185082637,236.48921791366132,239.84104232259955,56144284
2015-02-25,239.71124335937617,240.63529340662677,235.95496138580606,238.1139375509444,56525743
2015-02-26,238.1185944825708,238.46544379656362,234.59152966690235,237.0798280600164,54558837
2015-02-27,237.17316926929666,257.6133233909905,236.3396599091847,253.82688189441114,57039235
2015-02-28,253.87768497506318,255.75943017296103,248.0738180689138,253.69150938477878,62728100
2015-03-01,254.1699259831633,259.82521998833994,246.36135060570186,258.7270505768632,55217486
2015-03-02,258.8781457091089,277.3372662815386,257.5431973041399,276.09280051627326,64501514
2015-03-03,276.5905261199526,287.49037216751435,267.68575421423077,282.47608809215455,64151737
2015-03-04,282.2386315046539,286.49020825165087,268.25090738274866,272.0490118612828,56171557
2015-03-05,272.3440087541925,279.39515174760237,263.6726489199353,275.79883665960716,62902318
2015-03-06,274.80535764526724,278.9766487919901,269.7197345506167,273.04917469043914,57924658
2015-03-07,272.68869001941005,278.5543561241121,270.50061030784167,276.87809766906935,54218380
2015-03-08,276.83782476915883,277.85813462303884,272.2111239495297,275.2790516535126,54850675
2015-03-09,275.2096985118507,291.47833709840813,274.5899760235385,288.21420611712483,64193561
2015-03-10,289.631801682019,297.84107095611245,286.1694426148764,292.4491012592292,60819023
2015-03-11,292.02108151752003,297.0566006922088,288.94775794241644,296.5324948519402,62664575
2015-03-12,296.66837906899866,298.38680113699826,292.31375691413643,295.8481806574898,60467526
2015-03-13,295.47710844219,295.68842628705505,285.6382567507711,285.6382567507711,54454989
2015-03-14,283.5261161038228,287.7994971439442,281.7039315502545,283.2459863615356,51566872
2015-03-15,283.0604832460456,288.37067439183863,282.09098555029874,287.2991907259144,50044387
2015-03-16,287.4957662789243,294.2761362421716,287.00844025023997,291.34814111759096,59769999
2015-03-17,291.6303421989139,293.3098804756945,282.75602625852,286.2368092015699,52608694
2015-03-18,283.93389625443393,286.2767805490354,251.30734838099642,258.19452903790227,57713918
2015-03-19,257.8364395724607,265.76143380115536,249.83404899358484,262.2621084126871,62570119
2015-03-20,262.50896544913655,266.68659064744355,259.2268732486606,263.0544217347894,55438560
2015-03-21,262.84251828538225,262.85451954138586,256.9073325170496,261.3618035693705,52131139
2015-03-22,261.4872004060744,270.8094726022411,259.56707241295345,268.2085121177197,55366503
2015-03-23,268.3897211378239,271.1784342243266,261.5020975762367,266.23292063440385,60266866
2015-03-24,266.8270372989342,267.64414161728484,244.35443463037836,245.67390713063523,50611836
2015-03-25,247.1830558638598,248.74899992768468,236.7403081760346,246.89425507312757,50553424
2015-03-26,246.97488824299722,254.39578645145474,245.392977396876,249.57019468149684,54417472
2015-03-27,249.87069094234465,250.6754251890051,246.1115589512135,247.87280676889836,51396416
2015-03-28,247.69208317497404,254.15375134370393,247.69208317497404,253.40005072568178,50547372
2015-03-29,253.50929487779314,253.76793997632436,240.93628949852376,243.3137110161505,53922691
2015-03-30,243.66587726365606,249.18229614912352,237.8077382102851,248.42738942036203,58925038
2015-03-31,248.36335388330681,249.4682283529484,241.59326863432483,244.57664205222832,59983148
2015-04-01,245.21207418480103,247.63303657656542,240.65416645533978,247.63303657656542,61912926
2015-04-02,246.99141560804452,255.574363417784,245.18358870651218,253.95538646766772,60884112
2015-04-03,254.72368860633128,256.654510653109,251.60535629073212,254.88683613841857,59783877
2015-04-04,254.65326425834718,256.00722306714573,250.9721134756275,253.99292625441475,51955727
2015-04-05,254.11224732106984,261.36704609757214,251.8179114992131,261.2126187518514,55898652
2015-04-06,261.342096162272,262.8724926708719,254.54011378681662,256.42207301291876,59040344
2015-04-07,256.1273592219442,257.51201172856855,252.98759819681268,253.9894885279104,59829821
2015-04-08,253.85670122819639,255.4360078745761,243.5729916902688,245.8480735401531,57746184
2015-04-09,246.2219249088258,247.2363420606513,239.27789223716863,244.61592088577717,58349716
2015-04-10,244.21682924042983,244.37560559268118,232.1805320786644,236.51085470525223,56985914
2015-04-11,236.32673269936168,239.52799811010678,233.24318137403526,236.77240091579887,54867475
2015-04-12,237.45657051760742,238.35244476615463,234.54237348467512,236.47709775061168,47493886
2015-04-13,237.38698818954214,237.81424538219864,221.0212074466468,224.97651532966492,64534706
2015-04-14,225.02408065993365,226.19501704678623,214.5940106717822,219.38748621905415,59019853
2015-04-15,219.00802676818677,223.8348000035629,218.54833152780162,223.8348000035629,54669954
2015-04-16,223.54869066116188,230.0846051179496,223.4488550008034,227.870378726502,50336461
2015-04-17,227.93896355273813,229.21885080040929,220.7377064922395,223.0841719013738,53238578
2015-04-18,223.01380272594952,224.1933051957436,220.49460553003092,223.5865237125548,53680703
2015-04-19,223.80087892026836,226.7439884507875,222.7858956185017,223.56744726495444,53264191
2015-04-20,223.65390874188006,226.4093231392439,221.998275055888,225.2184300872037,60353120
2015-04-21,225.2769228437679,235.52102469647576,224.38962581764378,235.52102469647576,58256526
2015-04-22,235.92001836310845,238.14166018178747,232.99816161830668,233.7009634608557,59712841
2015-04-23,233.40304261551714,236.16353681713173,232.85509350796806,236.16353681713173,59472530
2015-04-24,235.6347017023749,236.750128468161,229.75965209034183,231.02053372487694,61133067
2015-04-25,231.41572808002897,233.1386420920707,226.4854991572211,226.58547994375857,53539049
2015-04-26,226.55362577028828,227.52360027462154,215.29861939351616,221.05379960481326,54470892
2015-04-27,220.50251310293487,229.70168262880662,218.3220747821399,227.44977115968467,59742843
2015-04-28,227.38887570054106,228.69097321464,222.6148990624698,225.3984377539342,59035223
2015-04-29,225.44231275908865,226.92751290617198,222.60544930849682,225.6405442418366,62828962
2015-04-30,225.643122807483,239.3581508450323,225.0320068224984,236.70311574991769,58707673
2015-05-01,236.15922238471208,238.7071242231384,232.7740205181823,232.7740205181823,50079327
2015-05-02,232.86128114580862,236.51617975189203,231.16746987993332,234.4547062686378,54552028
2015-05-03,235.16412389805365,242.3025623162229,233.43205386040526,239.8453986375642,48702742
2015-05-04,240.83930957271883,242.64209370147995,237.17682923948126,239.2673350149646,56001237
2015-05-05,239.26044707604865,239.63777004432353,230.73037187624695,236.2114911026119,59349007
2015-05-06,236.32592211285902,237.2138570689869,228.47200008804597,229.65578168538187,58440310
2015-05-07,229.26489594728656,238.74930414103747,227.94063740168295,237.41283096784377,59301313
2015-05-08,237.35122279870538,246.2599520244126,236.16038573966026,244.33760132386223,59898377
2015-05-09,244.10214414226942,246.72055067379634,239.19124058736207,242.61964510761345,49142405
2015-05-10,242.26045193245972,244.4866391477189,238.6884386293171,240.84372690869867,54433683
2015-05-11,240.8527983625964,244.71510848295785,238.59323035555926,241.6363056849018,62126498
2015-05-12,242.12673447345142,242.95839318725356,238.20660969953224,241.3522020526193,60352299
2015-05-13,241.15471074735396,244.01829166882357,235.9820362229194,236.34631682189985,57504152
2015-05-14,236.58440267817573,239.7014005608497,233.47050116016794,237.2065240952482,52189088
2015-05-15,237.3394646553849,238.8294613450802,236.1849132028075,237.88739720451107,54350256
2015-05-16,237.76749170462705,237.84400660545015,234.65371239792594,236.39271552739993,51276945
2015-05-17,236.15408704907446,238.02263495475896,234.9717799875547,236.67925526699733,53283851
2015-05-18,236.39899802887172,237.53742291853123,232.26368509447693,233.59070718131207,53991797
2015-05-19,233.50097972696932,234.33092730917787,231.72923169657196,231.94833933961522,58502855
2015-05-20,232.07999772923094,234.8920450349239,231.64839732565264,234.39819597114405,56545586
2015-05-21,234.6292540908893,236.56297169388466,234.16389726279704,235.60389444679782,51767982
2015-05-22,235.66899625085807,241.18396153017252,233.64425482151358,239.8753072751549,56838995
2015-05-23,239.79683989317724,240.60328607402818,237.87755778698934,238.7335530263541,48529835
2015-05-24,239.2319577520233,241.8009556910083,238.22943570238803,240.2080085180499,58178098
2015-05-25,240.5962590677792,240.95445420194338,235.4938260028388,236.59160604779555,59987343
2015-05-26,236.85288383492826,237.84940708632547,234.4436804774006,236.25099422574218,60299147
2015-05-27,236.66593299579569,238.3960870717392,234.928799435065,237.03972228175166,60381685
2015-05-28,236.9814976007392,237.88066224523095,235.10040108108598,237.16309622469356,59730575
2015-05-29,237.28760041466688,237.5889693018034,234.34529638582026,236.45937825027846,64988186
2015-05-30,236.83898105832495,236.8597914312383,231.72920009635374,233.42921780934725,65248705
2015-05-31,233.3424528960592,233.65831245179598,229.1082004185384,229.87046265828167,56160074
2015-06-01,229.86587812532866,231.06117741472636,221.4890560719253,223.56821041088014,70060846
2015-06-02,223.4112404021427,226.40115227255964,222.00750515804938,225.49709536567593,70282818
2015-06-03,225.47879129639767,227.06974041015442,223.004947575995,225.56818189200266,66956917
2015-06-04,225.50969269560687,225.9268076737022,222.7452507430359,223.93542023042738,60945917
2015-06-05,223.55150642019697,226.0643772730331,221.6092817973685,224.59609382064255,58165021
2015-06-06,225.06885994107142,225.44375405603955,223.88079497562208,225.06047468964124,51107372
2015-06-07,224.7844740864187,225.9616359101313,222.509085104672,223.50816929894273,53003740
2015-06-08,223.45310267364766,229.79918300111848,222.61716649635628,228.7738683609431,58393329
2015-06-09,228.7501164143893,231.2124461448412,227.12489826056094,229.00326077961145,63294060
2015-06-10,229.23159616249376,230.1108866197516,227.51172221908055,228.5646397876235,82843338
2015-06-11,228.3808760976538,230.16349274703944,227.73291771789394,229.32148022612697,61948310
2015-06-12,229.65580579334377,231.01106757331326,228.95909960441136,229.3949082185111,68013640
2015-06-13,229.3022235014909,233.2302335543015,228.51393551759756,232.99016074834827,59594091
2015-06-14,232.91766452045258,234.63028734923324,231.14358249774241,232.2732607782773,60200242
2015-06-15,232.0902625452439,238.099391245424,231.76754913427348,236.5940075448309,73817458
2015-06-16,236.4485566793656,251.31004745070703,235.20018440659277,250.88443111466125,67664943
2015-06-17,250.98281554780607,256.83195609287094,245.88529464571198,248.91023822223178,80722115
2015-06-18,248.39883158878575,252.26510434521893,243.1025005022072,248.9536229545178,75530373
2015-06-19,249.0203036609717,250.67921924040053,243.5866391205202,244.4347548506766,75800931
2015-06-20,245.25857073548787,246.34553473606715,240.45189146184921,246.03594777095446,58950357
2015-06-21,245.3996968461848,245.8587733295094,241.90713536347602,244.2264603457139,56984985
2015-06-22,244.50502626370394,248.09626949695948,243.19273337398923,246.9779718291997,90109535
2015-06-23,246.56024675904806,247.88984423954645,242.86573273033932,244.36086832501388,72977533
2015-06-24,244.58601548910343,244.58601548910343,239.92259563440234,240.1896323677801,60100417
2015-06-25,240.0831851333055,242.92116615682056,239.77954062864296,242.4657489591529,54488472
2015-06-26,242.2143246140419,243.0457225571459,240.812798200105,242.94756980246657,64154653
2015-06-27,242.98645470096366,252.00288650362808,242.64158506545726,251.49174712609874,62579105
2015-06-28,251.330043605813,251.330043605813,247.62946977665803,248.8923275300042,58156066
2015-06-29,249.07340527654918,257.32006386805995,248.84006292708,256.91585700923576,68141229
2015-06-30,256.9242648098942,268.6099603507006,255.46882606890827,263.2627227196955,86725341
2015-07-01,263.0168775833305,265.21003354114,254.88373136566997,258.33938010023616,85585024
2015-07-02,257.74259731255427,261.6432505985357,253.624059612057,254.7397570388532,73368943
2015-07-03,254.63672295535275,256.8755201516572,252.74385891314333,256.2885206258173,69231817
2015-07-04,256.51741164827956,261.11553523672995,254.34284733164878,260.35848089066934,58911345
2015-07-05,260.4067959308208,274.3541930010359,259.0888618423897,271.63960764862867,62734686
2015-07-06,271.3550568541876,277.55897389514894,267.86678796932443,269.0768488345606,91841775
2015-07-07,270.0072328838502,271.7541604930261,264.50397088661094,265.8951663337417,103004227
2015-07-08,265.8391054329515,273.31242179791604,263.91235699213235,270.6944467211694,118604256
2015-07-09,270.84605858102407,271.8062455483863,266.43361881364183,269.4970385701621,99007626
2015-07-10,269.18065181071825,294.09666163754406,268.9467904258286,285.98871451527094,99171856
2015-07-11,285.87610080488446,298.0913368617349,284.35026788779214,292.3726314342531,110427279
2015-07-12,293.12447177502656,315.9545830496907,293.0071803702152,312.0321590438759,104815413
2015-07-13,311.35025805967155,311.5951723055406,281.39033855577435,292.8213347492119,106207509
2015-07-14,292.70685869184825,296.39870420519236,286.6468651971509,287.35782996192245,103055655
2015-07-15,287.8734613460297,293.71692861094255,284.9272432601098,285.53537250271336,101347147
2015-07-16,285.64428653572736,292.1714453754712,275.0410278760854,278.4261692588851,93670709
2015-07-17,278.7347663391262,280.40489325305913,272.563839344389,279.9105836013045,99413394
2015-07-18,280.00407363501887,282.62168298011323,276.7716215624931,276.9949239987578,97489911
2015-07-19,277.5873442121891,278.35115685453036,275.14152105114306,275.3879562178301,97204293
2015-07-20,275.3018140645936,279.74386880723625,274.2945433221436,279.74386880723625,68434052
2015-07-21,279.87508807428776,281.09431401348195,276.58395371483675,276.97419614546396,67962187
2015-07-22,276.98800973140266,277.9053883140082,275.507003886712,277.86794799515405,71259517
2015-07-23,277.74148021834696,279.04232396127827,276.3304239988001,277.25297528994145,56122261
2015-07-24,276.90943402538016,290.3468985415196,276.36677801949884,289.1761070018832,63526355
2015-07-25,288.99687176238456,291.7518735438865,287.03916741129206,289.16803970564604,54572408
2015-07-26,289.4348083489316,293.88304075590656,287.84149882779684,293.1260382264218,62409654
2015-07-27,293.4305914953052,297.1021824969183,287.12723275172186,294.2216879969626,79236722
2015-07-28,294.16661178371635,297.666382908936,293.0402257497065,295.18419440658045,78072610
2015-07-29,294.84600164430844,295.7376386583613,288.28096566732347,290.17602216358387,127661453
2015-07-30,290.04370282387214,290.69237249771555,286.21115467498987,288.1899783743672,104160895
2015-07-31,288.2672568652582,289.77664362377993,282.32949557936297,284.8233479578995,114105314
2015-08-01,285.01850981543987,285.29303600396526,277.4461288271368,281.53847313579416,113067382
2015-08-02,280.12720757777834,282.85694873415434,277.1347827779032,282.28631492499073,64611719
2015-08-03,282.4821283697138,285.4485428387785,279.9502105888669,280.8324962243669,71392930
2015-08-04,280.56166974718315,286.27840624112093,280.56166974718315,285.17892466424576,108419847
2015-08-05,285.21746007440254,286.0931255927168,281.31038177673787,281.77046029724886,106494340
2015-08-06,281.72470469977753,282.2504419598279,277.273719666779,278.3535861876579,112233695
2015-08-07,278.38286754299486,280.97070316726797,275.03801875880674,279.4942602464934,68215567
2015-08-08,280.06867337800503,280.0828841845832,260.8762146813938,262.05419732600524,56362662
2015-08-09,262.24614563291584,267.9731832403397,261.5242194962144,267.51328940994455,52284124
2015-08-10,266.699730859889,268.3983315403599,262.54052441556746,264.79175529822226,75166728
2015-08-11,264.6095124882596,271.7186639460532,264.56534216388974,271.7186639460532,66396372
2015-08-12,271.5180480066962,271.9736543131771,266.00469403278913,267.34646970647646,63347945
2015-08-13,267.195339370183,267.34903297578,262.70188361906105,264.50015113146185,65217243
2015-08-14,264.5868874990798,267.7766088218312,262.4131415091673,265.984485481529,61494826
2015-08-15,265.93641643987786,267.2065456105016,260.7792340774978,262.3268821607181,53589955
2015-08-16,262.0012139945216,262.6570829776066,255.74338306263334,258.48440125819116,52184593
2015-08-17,257.4891027113343,260.4905353839497,255.570054863905,256.64789609100364,62483453
2015-08-18,257.0556588103651,257.575744489273,218.73680481463748,222.30928824760167,67519571
2015-08-19,226.36939749754166,237.47682196165496,223.3873885803685,227.40809004507705,64591369
2015-08-20,227.3434294580415,236.7770838197551,227.3434294580415,235.53136721991592,61066517
2015-08-21,235.51805685433678,236.73969434479528,231.95435407887697,233.03390533616795,60322450
2015-08-22,233.4177150143493,234.96273976365063,223.44712743284563,231.08649547071286,59714131
2015-08-23,231.03486199430887,233.07022348186138,226.62379082088688,228.8419084678968,54736521
2015-08-24,228.8422696525924,228.9489467718789,210.22870292751523,211.04029812016228,71968139
2015-08-25,210.6772471135419,227.9717859236937,200.39885095351752,223.11452108192162,65573253
2015-08-26,223.3120569491337,231.26124022385937,220.00035844258545,226.1075134092342,61882611
2015-08-27,226.63313483390084,228.94298130106213,223.63675644931473,225.56237052087312,60033453
2015-08-28,224.66777135273415,235.16008679793202,221.05592746736346,231.52008387831285,63968387
2015-08-29,231.66861346512957,233.2022033295438,227.86023290094857,230.1742717846294,56101737
2015-08-30,230.6199291928874,232.7749106998554,226.3316300372188,228.8670732204802,55765708
2015-08-31,229.2635210608682,232.55117595178976,225.41343328307707,230.59809103226553,71269273
2015-09-01,230.6398988861926,232.56086566351672,226.52320419482265,228.0608584854554,69546191
2015-09-02,228.004481985097,230.91054085528907,226.43529373050063,229.3621245778932,120861307
2015-09-03,229.60626622214514,230.3943476551833,226.66717877284594,227.23996193137782,72134175
2015-09-04,227.3946655976485,231.76293764678076,227.0443158206896,231.25430337632557,55411440
2015-09-05,230.74741692850245,236.68303922123522,229.78912044255384,236.0671291026174,65880869
2015-09-06,236.06991217720832,243.9295426445653,235.44846201930721,240.68976830398393,59193173
2015-09-07,241.0044191389631,242.62715603336045,239.00575969127686,241.02145890795947,72539594
2015-09-08,240.69000583635133,246.14777098198473,240.18740481034607,244.23028202966935,94104342
2015-09-09,243.9841293732515,244.47705299257228,238.1463727026674,238.64699669387738,108477402
2015-09-10,238.5831241014861,241.3347035634828,236.02971852657848,238.65631371778696,119409545
2015-09-11,238.55187304212933,241.24841242261064,238.31458637727414,240.72803507045546,110234711
2015-09-12,240.10198046322654,240.86969381173586,233.94662216096458,235.38640084032153,89341914
2015-09-13,235.79400240090595,236.3983577285545,228.76958508477355,230.2314716349509,94085090
2015-09-14,230.13662971712816,232.88679944037645,226.29000417798892,230.66681987336318,112836971
2015-09-15,230.42767204045995,232.168972438073,228.65310757346305,230.18311924399845,111597657
2015-09-16,230.34447642242398,231.5969539474157,226.4144355207804,229.2495574632945,95914812
2015-09-17,228.35974552733433,234.77993029499672,227.48438840201788,232.7716151933546,101520407
2015-09-18,232.37041081911175,234.80462571710314,231.72077893648333,233.45600185429976,81802467
2015-09-19,233.63081700980192,233.98321702990833,230.38324759530536,231.72953491596854,58618562
2015-09-20,231.69475588236338,233.00747326234492,229.77158844596715,230.68535720681675,61309788
2015-09-21,230.5476648552385,232.42931601134242,225.65950174284194,226.6662632336626,79479697
2015-09-22,226.70762297484498,231.89903147793902,224.21052610528642,230.61068690263542,76290622
2015-09-23,230.67170028965967,232.12210660762693,228.962962474821,229.82978513470525,72597912
2015-09-24,229.9312220486539,235.80097816805406,229.1566379353801,234.4753888262895,68232553
2015-09-25,234.62738123617322,237.28782964253668,232.9917176451144,235.2908548005521,70274867
2015-09-26,235.6758338848782,236.0746273240624,233.17546096944866,234.5934120623101,64287996
2015-09-27,234.0421032675979,234.82091634718307,231.8086850812891,233.18068434946878,65821140
2015-09-28,233.06068029727925,240.06671146166937,232.53619875023983,239.47488643573993,73557076
2015-09-29,239.59780031370184,240.72372138618374,235.98630281037612,237.09198320316509,80804864
2015-09-30,236.89954095868816,238.45889313681133,235.19726699329448,236.85368796707021,76036528
2015-10-01,236.20585586708967,239.59074898886314,235.3182349040876,237.82075625088078,68063696
2015-10-02,237.39765103879677,239.2305226582141,236.9501119062686,238.17530073042212,72823229
2015-10-03,238.14262624490166,240.42951394553498,237.28811883632903,239.56040132076637,56906743
2015-10-04,239.44689711415708,240.1404597745149,238.0859442079114,239.33481153938868,56983000
2015-10-05,238.7012208639897,240.8529164006312,236.92107942910206,240.78453591961664,64714555
2015-10-06,240.8820320184158,247.83036240370296,240.42083177138434,246.77201716769088,77020800
2015-10-07,246.87008040755978,247.72219927631357,242.81245700884278,243.30663642926592,91258595
2015-10-08,243.70508824529196,245.30796869223735,242.25892929599553,242.9524075126918,92106451
2015-10-09,242.95313912720795,244.75024163821323,242.45977455807443,244.4255139081272,74946083
2015-10-10,244.42490903380184,246.0378602238232,243.21060738815663,245.9098072068554,101183172
2015-10-11,245.86588937227276,249.01458227202107,244.79632845049196,248.94019306744676,78975827
2015-10-12,248.58836925566834,248.83164097416594,245.7399350527487,246.20617221314052,81609971
2015-10-13,245.991641130195,250.90394439821898,243.57867842352113,250.0391563717686,76007660
2015-10-14,250.05642622253262,255.3038656514554,248.58286745092886,253.12203079360424,79930696
2015-10-15,253.19694014606543,256.4630865733046,252.271803999964,254.63318166842015,89279906
2015-10-16,254.8927937057877,267.2105718033932,254.35059780352844,262.78453429548875,83194441
2015-10-17,263.26825645045994,273.74457553670203,262.54901579178573,272.5708393360872,81536280
2015-10-18,272.3023025349007,272.9660562213882,260.8263309359463,264.1076345503976,77193881
2015-10-19,263.3432061416746,266.6378046877174,260.7465712533238,264.3202634396505,84173718
2015-10-20,264.9446589894281,272.5445817102906,263.0484228911897,270.7099906978552,88198920
2015-10-21,270.3922972063363,272.3105447070547,264.71522675431214,268.24522907122025,81344560
2015-10-22,268.12224124961597,279.69760362978957,268.0340873747088,275.55908332825675,80871973
2015-10-23,275.5190195745149,280.7191183184279,275.2982972063882,278.69805077486205,82742820
2015-10-24,278.7068309714683,284.1225021012675,278.7068309714683,283.6091613210242,76140215
2015-10-25,283.8228780500622,295.5915087762317,283.51544613412443,284.26263600676805,81683176
2015-10-26,284.614887365259,287.01862294358074,280.56296710791077,286.86547456086225,78252571
2015-10-27,286.8821685369996,298.7424425759771,286.87197679884775,295.20093312413206,80298857
2015-10-28,295.4631739991299,308.2940588965151,295.4278500202643,304.80745035505936,82367300
2015-10-29,304.55760394948527,319.4148965303954,302.2588162034714,315.21087607896385,89283791
2015-10-30,315.35884133043476,334.1301044823543,315.35884133043476,328.9191848346569,88462203
2015-10-31,328.7239288847211,334.1475347321011,306.42772064568686,312.10899213735587,79368390
2015-11-01,312.4242392963072,331.0296251156655,305.6322505579874,328.4881524558023,82878327
2015-11-02,327.86133584759716,368.41665457730386,323.89166523717455,362.95298972072004,95703589
2015-11-03,364.61697800696777,419.56200769278576,361.6332484110377,403.60760015527967,105894912
2015-11-04,404.6072950791245,498.5853342365543,372.4184805887896,408.40316317328046,121500445
2015-11-05,406.9681312094977,447.014451925361,370.13033543125255,385.71264935145183,106528884
2015-11-06,387.2185501855342,395.4424742477564,353.8934003060699,374.44139240597144,95367645
2015-11-07,373.71608194759426,391.2040156986091,372.1808921020098,385.76265790586126,81452717
2015-11-08,383.62012973095136,389.69643226159246,367.96431472016883,372.86695374186934,76137884
2015-11-09,373.76124282867306,385.69549748263023,361.188367043323,378.95059536527606,92859313
2015-11-10,379.40159172247144,381.5978775674789,325.63833848119054,335.79636717053035,88542221
2015-11-11,338.43596958750993,339.7797379238218,299.5002631383809,310.2309524422893,88062697
2015-11-12,312.35180568699843,343.37970409130884,312.1845625448709,338.6393034805578,84408273
2015-11-13,337.67568187594054,341.31599099559713,325.81459525490635,337.0562129246183,78886434
2015-11-14,337.3128082037877,340.016478678123,329.154950747012,333.439122539814,76892492
2015-11-15,333.2015444576912,335.9543704776163,317.29634751053385,320.3207315551851,79701768
2015-11-16,321.29441305382295,332.92548064819766,316.48551746152884,331.7085679802535,90150111
2015-11-17,330.7384642588412,340.2017359937342,330.43287221662865,336.27064502172516,83040547
2015-11-18,335.7321788779721,337.42694372189186,331.09977085962265,334.72243230786967,91510439
2015-11-19,335.09724397873623,336.0743054214852,325.2762973058419,326.57191468523297,82894410
2015-11-20,326.50565796865783,326.76283831346774,312.096702411179,321.82747201497375,84334941
2015-11-21,322.30028444256055,328.05719707680134,318.00915552224757,326.3387576784565,81543673
2015-11-22,326.6775438649973,326.74914347426215,320.812157665208,323.80777196175893,75144013
2015-11-23,323.9469800645867,325.57629204625135,321.0803433815048,323.11211587743236,84016236
2015-11-24,322.91403865446443,323.1780675702556,318.0386047959129,320.2786544058803,81557698
2015-11-25,320.61359314337494,330.08207315487823,316.58810378755084,328.95709929189985,82628142
2015-11-26,328.9526686976535,367.86441349715335,328.86435193856613,352.9815835414223,94435559
2015-11-27,352.8516066529106,363.7404363126934,348.25750684439726,357.7679405226297,86332391
2015-11-28,357.19784784518987,359.28823257447937,351.4838478762057,356.5316287061623,84831137
2015-11-29,357.0538425955715,372.9286953717975,354.8027781143941,371.56062339708836,67532676
2015-11-30,371.45680325735157,382.2183000337183,368.9490971045913,376.9796965739912,108879192
2015-12-01,376.89477578593215,378.70069042877924,355.64483934358566,362.9135153696589,94658809
2015-12-02,362.4017172488056,362.5831382748638,349.2096508481049,359.36565308034005,105563436
2015-12-03,359.2290620036079,369.44497797224403,357.23217435605,361.4880907867144,91277796
2015-12-04,361.64109265740154,363.89637914921155,356.1422754974708,363.6694300330024,90024817
2015-12-05,364.0215476385074,388.70151863790295,364.0215476385074,387.8975263902973,100424710
2015-12-06,388.1180363994554,399.1441653367121,384.67931193352246,387.6737772689671,94446067
2015-12-07,387.5768120406709,397.8834596153359,383.65612060016304,394.81581788008197,101124106
2015-12-08,395.7132867803676,416.94368780430784,389.29992815993705,416.94368780430784,107925669
2015-12-09,415.4842401906782,422.8379321523904,404.51791224042483,417.5696303375327,115493308
2015-12-10,417.2954670124959,419.30658430381163,409.9023073727406,415.39939616850705,114888488
2015-12-11,415.5833356012182,453.1305854150825,415.5833356012182,453.1305854150825,101919372
2015-12-12,451.0712309176145,467.6537375995561,410.8027932314857,436.75298646387876,111579841
2015-12-13,433.8602515041589,442.86480265784667,425.75159716031055,433.3545154611923,97770459
2015-12-14,432.3998598212147,447.33327698904895,429.58975734993356,443.8590702689776,122778903
2015-12-15,443.75191738970506,464.24950378729574,443.297606183479,463.9822589592027,113653948
2015-12-16,464.311377017348,464.311377017348,443.2164894090279,454.06528884560765,110196249
2015-12-17,454.4618983581337,458.18627150710626,448.7160945677982,455.8338169637597,104833497
2015-12-18,455.80441147880555,465.3867009401855,453.8392058001009,463.12910763070374,103347070
2015-12-19,463.1537614074556,465.46602101447127,455.0633735867128,461.44159724790654,102505540
2015-12-20,461.4326838888056,461.7141049401377,433.8566580882017,442.29881918198953,98955800
2015-12-21,442.4168734205981,445.66411959190043,427.20246295858277,437.2047325783519,114178723
2015-12-22,436.6007896500081,442.6741751068089,433.41127620381604,434.6732117942569,112421207
2015-12-23,434.2675456177615,444.9686657829672,430.2006946522155,442.41482089884613,107790175
2015-12-24,443.1133194503038,459.0554628834594,443.1133194503038,455.74013016062173,100657779
2015-12-25,455.44663195615175,458.6643891572802,451.04908044033175,455.85591512491953,85525377
2015-12-26,455.57337137002867,457.71506173602165,409.4728448876171,418.47369385302943,92773718
2015-12-27,418.45216136873825,426.50161707979714,411.9964734549535,422.2507205514291,91620621
2015-12-28,422.733266520566,429.69180735531745,417.80674857696505,421.6523204183636,99003021
2015-12-29,421.82278881145555,432.94242916990527,419.3656530955941,432.94242916990527,98681368
2015-12-30,433.08437619659145,434.8418958123499,422.55891670553973,426.97325638352305,91377595
2015-12-31,426.45308239787926,433.4479488058554,420.2550717451815,430.21143265315385,78753486
2016-01-01,430.35871655559987,436.4340480067829,428.27022447203524,434.8839824640039,66570062
2016-01-02,435.7194344773594,436.29446441997226,431.55463371603093,434.92242033909116,84021661
2016-01-03,434.6358760430514,435.21807946760543,424.77709601803764,430.9997978270536,80388881
2016-01-04,431.3623489693956,435.45165411579563,429.7742340474507,433.90199131687206,100770969
2016-01-05,433.527565219683,435.4955001216079,429.9722654694391,433.16659869576245,100702961
2016-01-06,432.39397570394414,433.293846682048,427.638538386503,429.9253492492494,93360397
2016-01-07,430.7891858899023,459.69712906698794,430.38671355968575,458.7099236879629,103543996
2016-01-08,457.7481678956261,463.85786193066224,447.02619528592595,454.05328330860004,100929606
2016-01-09,453.92347176897454,455.27592955839316,447.2734132546905,449.69718279879146,96401811
2016-01-10,450.0525827327141,450.6612225850537,441.554347756469,448.95363526897563,91375920
2016-01-11,449.5993797082685,452.10179490117844,440.6886815730203,448.69524978182716,111537099
2016-01-12,448.5798437131517,448.64947884813836,435.48555090765376,435.48555090765376,103128401
2016-01-13,434.42503780492586,436.52059083924706,424.9806154628798,432.6577823362845,100066492
2016-01-14,432.7248030117097,434.7249487146549,427.7889470138801,430.0250259843386,95539098
2016-01-15,429.9345498828217,429.9345498828217,362.4305504507852,362.4305504507852,95804554
2016-01-16,362.6224348864022,390.8104174425682,353.55245190549005,388.1881730585918,105878183
2016-01-17,386.8426375781687,390.5212074244624,377.2342855258601,379.148748639874,113822388
2016-01-18,378.39185822615246,387.44046353002193,373.5351049251068,384.928918248786,115093587
2016-01-19,384.69197541469015,385.90817599974616,374.0849099951944,376.7663108392438,102877287
2016-01-20,376.0172897766199,423.12217243535844,372.2866240908041,419.22525017175093,130990634
2016-01-21,418.408665446888,422.90111195719874,404.6674860641499,409.26809902414743,115062911
2016-01-22,409.1257635968251,411.20372063505073,375.3452536938142,383.29492881453876,116447339
2016-01-23,382.98671209899317,394.9817295795369,382.2347209873462,386.9158595464536,102258802
2016-01-24,386.9924405341345,405.76210497600584,386.57913909427856,402.8010750231029,105815769
2016-01-25,402.2985080997672,402.2985080997672,386.83668249979075,391.1212623042642,116495096
2016-01-26,391.55810261914814,396.9338973397567,388.91795319244545,391.6668140869515,118803394
2016-01-27,391.99949562305187,396.6729304828722,390.897339497621,394.4466804448489,115287309
2016-01-28,394.4891280886557,394.9635355075363,379.1515814776148,379.75057770315664,116338898
2016-01-29,379.56951268186236,383.90832478999306,364.8181255545636,378.6405195412309,116050796
2016-01-30,378.2464676359873,381.06544954244305,375.8997924140922,377.3488875787101,106081367
2016-01-31,378.3709272533992,381.7772791848118,365.92052201868745,367.9508595508954,100325991
2016-02-01,368.69310616285946,378.1983355938331,366.90588584866475,371.37052319412066,125042931
2016-02-02,371.5211873321738,374.5546852260905,371.3657419435424,372.96226926144027,144655379
2016-02-03,373.02352708312935,373.6635199265637,366.0932636283886,368.53490319794935,115537302
2016-02-04,368.49265136811164,390.74875916546534,368.49265136811164,388.09502866803325,110463706
2016-02-05,387.5783969899314,389.1494899148232,383.5259933273911,383.9341258581022,121549841
2016-02-06,384.24445645170135,384.29510452377343,371.19652212477286,375.22738704758757,120579881
2016-02-07,375.3993611015952,379.73779902182406,373.40515983173293,376.42862922366214,123187483
2016-02-08,376.4416379746159,379.0508593584616,370.57802501821305,371.21694243336185,121182411
2016-02-09,371.00253367932,375.78505053119954,370.4847559609786,372.7623707800957,122479320
2016-02-10,372.8909209145501,383.0624754576742,372.27312151536586,378.95173421310903,121056413
2016-02-11,379.25209726461486,379.6994374797151,371.6762338315897,378.14838162107424,122692008
2016-02-12,378.0491167095266,382.76047465093416,377.7213863300036,382.39209701651856,105132425
2016-02-13,382.38526414171366,390.65036662988143,382.38526414171366,390.65036662988143,98329939
2016-02-14,391.7365970576433,406.5740594276338,391.7365970576433,406.5740594276338,103658109
2016-02-15,406.0768925832732,409.21643804010426,394.1119026298382,398.8081586422428,115866594
2016-02-16,399.1250617775937,407.29179752719045,397.63057560087077,407.238241647739,104908822
2016-02-17,407.3673939966231,420.37343828994034,405.6882097659597,414.8979246844353,119924874
2016-02-18,415.65935390729356,424.2688989437894,415.65935390729356,421.16569563372616,109963457
2016-02-19,421.1418436840948,421.97115456487234,416.0612186276734,420.44353590336175,111190524
2016-02-20,420.75063490094834,443.1483086627808,420.75063490094834,434.6179274199626,110631853
2016-02-21,435.9689939294623,448.04374239815644,426.9860164272151,438.47243072984276,108228209
2016-02-22,438.4174054977225,439.30995460652923,431.9801682074206,437.4889589178774,114042994
2016-02-23,437.52016180943804,440.51096053324954,415.270242970443,419.61022318481594,120066737
2016-02-24,420.0380972383423,424.92714352211533,411.6882643220032,423.851263269437,108316749
2016-02-25,423.90103317360825,426.2255859039856,417.51578995247576,423.5093989250703,123813497
2016-02-26,423.48724477004697,430.6719637219394,418.940816141802,430.6719637219394,107101492
2016-02-27,431.69728974703537,434.7095165097973,429.15824735427384,432.1432341275273,99025957
2016-02-28,432.6201907993312,434.9012198093882,423.0523994371662,431.5065287388273,104026162
2016-02-29,431.41801902286295,441.5016596395518,430.1792642796894,436.42224928942983,121438053
2016-03-01,436.48917810039893,437.355920884194,429.1147021286596,433.2277035606563,127578297
2016-03-02,432.70607970763956,434.78376371136767,420.12615262177826,420.12615262177826,141303614
2016-03-03,420.85649868256553,423.58328910169575,410.71410784982083,419.31158198959054,124277400
2016-03-04,419.10035226381854,423.140821591473,407.2361243772178,407.2361243772178,121878851
2016-03-05,407.45471894183993,408.56480438513233,385.15248353135814,398.50243239160943,116971801
2016-03-06,397.32545714876386,410.08491398876174,388.39039824301864,404.6277893211019,93024229
2016-03-07,404.7244403486499,415.67132434904596,399.1692365844823,412.8005827105356,94179191
2016-03-08,412.6505986775436,415.4092146859065,408.6428814742708,411.4093473295935,104741858
2016-03-09,411.2127848452534,413.5809443722882,409.0606737020703,412.59964953173085,124967008
2016-03-10,412.69393885403315,416.4328727175247,410.8742940354341,415.96573582904114,104897602
2016-03-11,416.1186020050336,421.5243006719744,415.3106447768697,419.64531649745595,98248679
2016-03-12,419.50227496514907,420.9707957038436,407.1528268590389,410.139940852359,82630280
2016-03-13,410.37824188949753,416.451936868193,410.37824188949753,412.61530446772593,84820105
2016-03-14,412.5276508436271,415.46135809129674,412.1750971459968,415.05435298344673,110340471
2016-03-15,415.0587839874355,416.6670920749294,412.90885655041313,415.4742785335744,106894595
2016-03-16,415.45445460711744,416.24630548906737,413.67468905132057,416.2381856412929,101636074
2016-03-17,416.06847453866266,419.45260695526787,415.9264180056546,418.5086720041087,105261191
2016-03-18,417.9794029277388,418.4331765994987,403.7184289839898,409.2494736684257,100550575
2016-03-19,408.7070049351888,410.56345963811026,405.0595031011748,409.6114015305549,87021729
2016-03-20,409.06015657243006,414.5378769663888,408.25101923897387,411.66829833103867,96426831
2016-03-21,410.753704470609,411.89023840862376,407.1857586763446,411.7585748667672,104809189
2016-03-22,411.35789631934847,417.2912678844276,410.9387881827116,416.54761875463345,105645439
2016-03-23,416.5523048075309,418.8162764579039,414.53844622140633,417.53883195340177,100510316
2016-03-24,417.58521919501584,417.6040713990575,412.68391467188684,412.68391467188684,99062922
2016-03-25,413.50582524794845,416.7510305195253,412.20103894755937,416.3595573150922,91068337
2016-03-26,416.2860003927789,417.5888481972136,414.63655660329596,416.92298328256874,95636102
2016-03-27,416.93565090508685,426.5897963994968,415.969346603305,425.01140597187987,88721353
2016-03-28,424.8434736111029,424.8434736111029,420.2629881833089,422.6782895074445,114632458
2016-03-29,422.7801620923345,424.39005383162873,411.6765373578404,416.1195712728422,131277268
2016-03-30,415.8763337929339,415.8763337929339,410.08056417626494,413.08440509498695,110056846
2016-03-31,413.298729619821,417.2272182697917,413.298729619821,415.55633232669516,104774761
2016-04-01,415.6151212286363,417.4442681589482,414.19244133415543,417.1655761916554,117527406
2016-04-02,417.6652984519301,420.30517748041814,417.2533650608726,419.7207145718917,111006463
2016-04-03,419.56182950313917,420.22285548059017,417.58392514981733,419.82532399189205,103205999
2016-04-04,419.56153769728064,420.4400843399038,417.11223504052504,419.362325459036,111124550
2016-04-05,419.1456558444702,423.12374346141166,418.7432514155345,422.2472808455297,114925229
2016-04-06,422.4995641376694,422.871006563989,421.03648438641164,421.31238406636857,110869317
2016-04-07,421.1509197305697,422.3507381883495,418.92937622783575,421.15249323824656,105360982
2016-04-08,420.5251316585348,424.1009414286276,417.6669115960851,418.70082480212614,103367577
2016-04-09,418.82338908053515,419.4590939676701,414.5274547844013,419.1189017501917,102876236
2016-04-10,419.08499222432147,423.42783597637634,417.83333055875556,422.06377504107894,95677337
2016-04-11,422.8406927302866,423.49913944437765,419.3636009712151,423.44435415721694,117923252
2016-04-12,423.4983820019399,427.83035047634,423.1943470973274,426.77208468908714,123647577
2016-04-13,426.10272539537846,429.00361659478233,423.46503207173754,424.9491271718547,115953964
2016-04-14,424.64627960130974,427.0157378230245,422.1421235603058,425.73829926128775,117103101
2016-04-15,425.4616122478052,430.8285986141109,424.39853823650054,430.41062868258484,110133002
2016-04-16,430.0616106757731,434.52166430060515,428.91681643917093,433.2765036183376,93081038
2016-04-17,432.7509294827165,433.9021211042365,426.7637643233011,428.91892249032605,104127660
2016-04-18,429.51201877619934,433.53375888538733,427.2426458758447,429.62552571146455,112211684
2016-04-19,429.8731044118811,437.6872836541469,427.6132180568842,436.6868552636164,112445005
2016-04-20,436.7100836071733,443.9794738823233,434.47165582965033,442.45631725659206,114949692
2016-04-21,442.67011725574486,453.15191061460075,440.88672693528645,451.6680756279053,110464864
2016-04-22,452.0161763140044,452.29281054701823,443.94685308203316,448.09023328498296,110778569
2016-04-23,448.8947698108923,455.48689847015464,444.91260701471475,455.48689847015464,94232571
2016-04-24,454.14632773227913,464.4894396228565,449.99815668270696,462.25317862898964,96067116
2016-04-25,462.86406102019794,470.9750437082324,456.6126989636049,464.57983400980066,111029840
2016-04-26,465.35375165824155,471.716884965595,463.82988787377207,469.6017137637834,122753661
2016-04-27,469.8007680774861,470.6740159438724,443.9995682783062,444.59813801158623,112889081
2016-04-28,445.4618461940196,451.7265497426921,436.7235782382421,451.7265497426921,121128025
2016-04-29,451.03231423727885,458.17740510065795,446.6976179032883,457.444408673028,128388422
2016-04-30,458.104533327041,458.8912518081869,449.30667896634424,453.35807263852155,110567364
2016-05-01,451.35444809296223,456.68316221296993,448.3393385248126,454.3377402582147,96949614
2016-05-02,455.1634320520801,457.165588453704,441.0735671524928,445.729278648282,117881728
2016-05-03,446.32751644355193,452.8053601684959,442.30308135706434,451.501854947788,117477124
2016-05-04,451.96038315336466,452.4107843780877,445.37111326044317,448.00193740466904,118037826
2016-05-05,448.3385285440143,450.6807073739425,446.0134341353435,449.2282265593353,109164611
2016-05-06,449.02645003100025,462.9163582355579,447.9136629053385,460.9599712723831,111076063
2016-05-07,461.2487683843643,462.8528848139981,457.12912318826466,461.138059959326,96939904
2016-05-08,459.19769953632994,462.9629424821448,455.9650713358509,461.5625344457377,97090459
2016-05-09,460.4041025987124,464.6844567637314,456.37873047672656,463.8478179625745,109099743
2016-05-10,463.72115025305027,464.7090406885057,449.8079775237246,452.38923924080063,114814599
2016-05-11,452.15830166562466,457.9253338467265,451.9229334943058,454.46139296844393,108096056
2016-05-12,453.5984740397465,456.1278655134969,449.29302774879733,455.53856203692703,108380809
2016-05-13,456.1670487552075,457.74494428991,452.4597742273505,457.60834697826897,115888037
2016-05-14,457.84590055994295,459.276980428591,454.2308644339287,458.44491586756294,116943529
2016-05-15,456.82424619586527,462.36539808156385,455.2340459002083,460.9721197500823,108067232
2016-05-16,458.4169491895611,461.1305060964003,451.98491247168397,454.6210663380606,127820542
2016-05-17,454.5536381713291,456.99708877667706,452.6303381264597,453.84373845479075,122344773
2016-05-18,453.57218986365996,457.3511400371882,452.6364051362301,454.9559643049547,133633077
2016-05-19,454.40838387430233,456.28706083682425,437.31814991914035,438.5470537052079,114628670
2016-05-20,436.4279909810596,445.21445461964197,436.4279909810596,445.21445461964197,116432372
2016-05-21,444.1771422510402,446.22076975268817,440.0186529953198,445.7950017281727,125639840
2016-05-22,444.33126820039814,446.0924270057852,437.07971066370766,441.11737178700224,111016076
2016-05-23,442.5133370827871,445.09554932369775,439.0776140862592,445.09554932369775,116276197
2016-05-24,444.71222442337074,447.3829876731331,441.77717616270564,445.74600732461613,124904083
2016-05-25,445.6230944199755,451.4634673119952,445.6230944199755,451.3402890773279,120102190
2016-05-26,450.2670467719944,454.8689733198864,447.90675430924557,454.08349108848006,110728987
2016-05-27,454.00046150490607,476.64769399699645,453.4903119052583,470.6678659296852,131757073
2016-05-28,470.45723480470394,533.6525954942157,470.45019330087433,523.4010670292037,114785975
2016-05-29,519.0524155166189,541.5494857295442,505.0615806396166,522.4012688892889,99927931
2016-05-30,520.8909695563295,538.0389196649197,515.9676712967573,531.7697241514386,128367792
2016-05-31,532.5368758249402,547.1883882359074,520.9596582207147,531.5451114534147,110081286
2016-06-01,530.9043199979185,541.8974279280676,526.0070684627683,534.929231166291,119987726
2016-06-02,535.7512917789136,540.7093676471434,532.5139283804709,538.0219157804956,114065640
2016-06-03,537.911823343279,577.2765149782872,536.7136464288385,570.0249109843392,118175696
2016-06-04,571.627702904571,591.6440248954505,563.6182873099939,574.1044870799856,99992334
2016-06-05,575.0335199696692,583.4591508819738,569.5729895898222,574.6507220672327,103868709
2016-06-06,574.785838894048,586.8736808805706,574.785838894048,585.2448605161708,119887835
2016-06-07,585.6862966212486,591.1439898943783,566.5657032146594,578.1194883937324,112471464
2016-06-08,579.4903598009907,583.8677639645213,573.4473919796058,583.0049348368627,115488759
2016-06-09,583.0639515880066,583.0639515880066,573.5869843355222,577.0760450769253,118863423
2016-06-10,577.1265194256587,580.6896209982035,573.3044184967522,579.8212995235086,118428269
2016-06-11,580.3216450345686,608.9076902539115,578.4525400065389,607.17430380675,108557641
2016-06-12,608.6200630462736,682.7562052433839,605.5162946470258,671.0887766935982,121151604
2016-06-13,671.9027157852627,720.2683763211442,661.7060357970829,705.2537025153345,147360058
2016-06-14,705.2963603893484,705.9464186344967,660.370639050979,685.1158454197318,126055931
2016-06-15,685.1258522930829,697.4923346649625,673.1218840165232,697.4923346649625,139371304
2016-06-16,698.7462567985158,773.7708883527307,698.7462567985158,768.6542678135833,142662760
2016-06-17,768.5683141803297,777.5688598816687,713.8883161435806,752.9334092068809,138642771
2016-06-18,750.3271643475698,780.654385546416,737.1052625412837,757.3416662071204,137063218
2016-06-19,757.2189034868209,767.5646892828629,743.0008035417112,767.4518264835016,127944309
2016-06-20,766.0641794208384,766.4172250882075,715.3350485677917,715.3350485677917,127929039
2016-06-21,710.9793235366367,719.6805456389582,632.1237096218553,667.217531653078,136287127
2016-06-22,666.5849754316642,678.5882297805825,583.0424385698525,597.5623930748819,121950553
2016-06-23,599.3067570426552,631.4387765727064,549.6573936660673,627.9657566291881,128735245
2016-06-24,627.5104086652805,688.7491628850751,627.5104086652805,667.5468611638372,121574545
2016-06-25,667.72141436574,695.0630420007806,649.9383978873786,665.7125861193371,128358187
2016-06-26,666.6930781186629,673.0780799150666,618.7590337400092,633.8908753967772,111248524
2016-06-27,634.1522438488288,658.089313736966,622.5316424925908,657.042473154401,114211486
2016-06-28,659.3577463080502,661.4175913689517,638.897108175417,647.9137512329382,112443583
2016-06-29,641.5805610354699,645.8450572049156,625.961906912619,637.0942855303231,111587226
2016-06-30,637.4422842688522,672.7976935876231,630.4935962363927,672.6324199351302,119591645
2016-07-01,669.4751742208549,687.441107119406,664.0663521627281,677.7523138559045,116112957
2016-07-02,677.0835062496142,703.0031427888437,675.9202309965603,703.0031427888437,103481558
2016-07-03,704.8098029288469,704.8098029288469,649.9484423876585,661.439850366025,94619586
2016-07-04,661.240363258809,682.703227911052,651.5361938055695,681.3720236261811,111596316
2016-07-05,681.5060496231088,682.0568466974344,664.084273543179,669.5220391628915,114388248
2016-07-06,669.6540977489782,680.4660728632279,667.5111649234292,677.0219670928782,111623693
2016-07-07,677.6152085007818,680.9506432692054,610.7447816839033,640.7836172202872,112507226
2016-07-08,641.6519538202382,666.0706389701927,636.6935617982448,665.8419667000638,113043246
2016-07-09,665.9746374098793,665.9746374098793,630.5009208888357,657.3184540890006,98014814
2016-07-10,653.1286698890007,654.824727760787,640.9435994363432,651.3047799816928,91344444
2016-07-11,646.2193949763308,660.6562870904938,645.6346180033783,651.1524242489038,113406335
2016-07-12,651.1531369055181,674.8222555166899,647.9580706448562,665.2699931763912,110906886
2016-07-13,665.1982927788399,670.3960116709677,655.2105758522562,655.2105758522562,105750399
2016-07-14,653.0703553972843,663.9283772610819,653.0703553972843,660.2911244612783,112538257
2016-07-15,661.0948075582379,669.5799391277089,659.5611120768552,666.4306437343722,106647743
2016-07-16,667.144015581219,669.4160776316858,658.7610710366644,663.3188356448769,108053588
2016-07-17,664.9872826978242,681.6997692365485,663.3080891045007,679.8341644292315,105658328
2016-07-18,680.1388972230807,684.6001832365642,668.5900671411275,675.0654188097517,121191008
2016-07-19,675.3620406331644,676.2702530326782,667.7298605715993,674.0658044287677,110148224
2016-07-20,674.1124839855181,674.9116498751048,663.9656308366968,667.3264934261225,119782530
2016-07-21,667.0029299955919,667.4868539955502,660.6651573727574,667.2942051820498,107602058
2016-07-22,666.9200093475695,669.1935430955199,647.665459326709,653.2611166392969,111418621
2016-07-23,652.7719727606991,661.6144506734797,647.7129447843182,657.7541150361819,108213912
2016-07-24,657.4091594636778,664.8485493005853,652.5152248612051,660.8986520111177,98119864
2016-07-25,661.2138144329897,662.9774155359861,652.6008622286148,656.727918956488,119177779
2016-07-26,656.5445129688732,658.0876582994398,645.9289076588858,654.174462619276,119041725
2016-07-27,653.0324077060571,658.6118120161885,647.2264919974189,656.6374550331486,117952976
2016-07-28,656.8372459373693,659.6400508459569,653.8753239398807,654.8738329724555,119000488
2016-07-29,657.1027229386211,658.6774232541262,653.1779366151144,657.202841742762,120853654
2016-07-30,656.507453303696,658.6691699463067,653.4482233733222,655.0710646480535,103520887
2016-07-31,655.5963377866532,656.7470744697775,620.2442021850245,626.6782449704231,122327501
2016-08-01,626.5338777611767,627.1018687463361,601.0884402693943,603.0714699772217,124533253
2016-08-02,605.2562514655542,612.8479660509516,481.1698868623756,541.1173090967804,132294499
2016-08-03,540.4314800149198,573.4290773083416,526.2287613095032,570.498084933119,131275244
2016-08-04,567.9331382408667,595.1996084736177,562.8840121225187,584.2871190374406,119410930
2016-08-05,585.7062887536676,591.2459957558281,566.1630955601056,578.7203581679671,118433372
2016-08-06,579.34301449702,590.6709510633243,566.0596517349734,590.6386563792255,102751589
2016-08-07,590.7393962101197,598.3721942573578,585.0783364024916,594.2242426379976,113675901
2016-08-08,594.7382461067284,594.8005972701679,585.8377435670084,591.594596271462,124173092
2016-08-09,591.0869707748066,591.6922276548581,584.5117776389684,585.9862966427914,109152934
2016-08-10,585.8815235087476,600.8796441940957,583.7068098935058,593.309228099764,125988576
2016-08-11,592.2413001902876,599.0721677286521,586.8243344160251,586.8243344160251,129034511
2016-08-12,586.6770718731823,590.0625882899753,581.6351795448885,587.6670928265272,119950005
2016-08-13,586.7785858575165,589.3893371662832,583.6553232807158,585.6063890254981,108374600
2016-08-14,585.5775895592516,585.8532879227157,560.0688072632952,572.7941323513933,104241335
2016-08-15,570.8151438207174,573.9107354211444,560.2044835133414,567.4857481002539,118191101
2016-08-16,567.0994245292898,581.461875117204,563.1683433725605,578.4633278459701,124177746
2016-08-17,577.5090331901113,581.3018487664967,568.7772489229022,573.999199368756,116796348
2016-08-18,574.2365450640501,576.0493909500134,570.0057279977316,573.6346051922998,122987615
2016-08-19,573.814994706813,576.5132703308607,569.1690255464976,573.6856113314623,121746270
2016-08-20,573.8552356807082,583.3948928021698,570.9607752389986,580.6772171224967,110635839
2016-08-21,581.5041248672717,583.4737610264392,578.0351131663995,580.2640710660802,100188272
2016-08-22,580.645413546859,585.8007556599938,575.5479862695803,584.5310006792232,123972990
2016-08-23,584.1028817971091,585.903461797912,578.0013134985563,582.1403915731989,121822319
2016-08-24,581.4425871025371,582.3557877338424,576.6357928985566,578.8355713317429,114919011
2016-08-25,578.3673150148526,578.6014519058155,572.3496151205557,575.7225958239035,112815467
2016-08-26,575.8843677533182,579.1636164219524,575.0300702634647,578.7497338081189,111429297
2016-08-27,579.1825492470842,579.301256850288,566.4605290532684,569.4518502062841,98878897
2016-08-28,569.3354997647033,575.0956449603555,567.1323654902036,575.0956449603555,92459760
2016-08-29,574.7387353258158,577.0739119499378,571.5957500501902,572.9005311004324,120493836
2016-08-30,572.7564195935522,576.5820490909408,570.7088155655425,575.264045416163,128409486
2016-08-31,574.773222145528,575.5856506120906,569.959719995753,571.1965360376626,111823921
2016-09-01,572.0819184385427,573.1486358130268,567.9361617222079,572.5561672481705,118860815
2016-09-02,572.0333304523999,576.82247203265,568.2989832869532,575.0009111070633,111140051
2016-09-03,575.0201122258158,599.6775955528016,571.2543054569223,598.6908473034971,96982107
2016-09-04,598.1378493372433,615.4914630571855,594.2449988322766,611.4227799559515,103661121
2016-09-05,608.2345162845158,609.4469821145561,596.957341545806,606.1033693815909,123208579
2016-09-06,605.7871670368966,612.4426781605396,602.1642783548364,610.3828471588885,117872457
2016-09-07,611.886397630116,616.6834369645469,606.0976995772535,615.0585387829371,122982001
2016-09-08,615.1416784348286,630.1975954530337,613.0835830741268,627.3697008597358,117196880
2016-09-09,627.0502207004567,628.4814747335627,617.1099765036463,622.2820047345849,115416636
2016-09-10,622.425877133531,625.557713191903,620.0881840694323,623.2641908171909,100185633
2016-09-11,622.1417588211955,629.4400289141438,597.5941594059586,606.3234045793001,97002040
2016-09-12,606.8404358597544,608.9018602142285,603.1104591330691,607.3223156688099,112565935
2016-09-13,607.2235634407231,609.5897227483833,604.3152235829277,608.2890249240006,128801536
2016-09-14,608.0409844933903,611.2800951233585,606.7497429678272,608.7350306744854,119179332
2016-09-15,608.5634013654978,609.3198741784108,604.406083990222,605.2743670751692,115921621
2016-09-16,605.6471123133957,608.007600099347,605.1460690941248,607.7392757581945,107640032
2016-09-17,607.6908745797175,608.6650665439831,602.8424076982844,606.886534070155,122926294
2016-09-18,605.8913920699663,611.5809695990899,603.3745928510808,610.9444636865104,98319425
2016-09-19,610.1123883951511,611.8680674625148,606.0581877133935,608.5191535319566,111028245
2016-09-20,608.6422884032788,609.6726973138209,606.3336935802043,606.7807663856313,118144754
2016-09-21,595.5135020439022,600.9171429109099,593.8606695887972,596.5872229886088,118044775
2016-09-22,596.6848439898644,598.2082976521212,593.9688255749015,595.3638256212346,107490478
2016-09-23,595.7569446193885,602.8202151826483,594.0688800817877,601.5785021720683,109479687
2016-09-24,601.9619147149531,605.3187079088368,600.3999701831059,601.0346316912924,105516952
2016-09-25,601.5721189835625,603.6449803133777,596.5438519877891,600.5018579499821,105572796
2016-09-26,600.3050436206837,607.2074440720592,597.5227052287498,606.2001855573536,117895992
2016-09-27,606.7626676907136,607.5164733587593,601.0194813612147,604.6179169458967,127575474
2016-09-28,605.1495294758558,605.6781288492251,602.1640297861002,604.9065178321194,115736290
2016-09-29,604.4430434648111,606.7619247755902,602.6533504982636,605.8710149342171,119049264
2016-09-30,606.0302147513581,608.9129588326075,603.8794731295867,608.9129588326075,119717345
2016-10-01,609.1339402956839,616.521860598891,609.1339402956839,615.4437866654439,111632849
2016-10-02,614.7878115205175,615.5661639122754,606.826164654308,611.1847244226493,101279374
2016-10-03,610.920961184675,614.7135530272402,609.1390282695531,612.7803428472209,130508038
2016-10-04,611.8718428035135,612.9193952170363,605.7455472359941,608.7535531170712,130144470
2016-10-05,609.032842418593,613.9163000421673,606.6930187485284,611.7243118951259,131708221
2016-10-06,611.0537964097978,612.9183504404446,608.0832735368923,611.3559903041948,133173170
2016-10-07,611.2042781071792,618.4163856921302,608.7519383757635,617.7007337644986,124014146
2016-10-08,617.7228750005604,619.4546091513738,614.2213145357824,619.0011133410942,128606015
2016-10-09,617.9589988555869,619.1350322910573,610.902626981651,615.6507746403641,109121750
2016-10-10,614.7624625998476,618.9742468339597,613.7219008978675,617.885270112388,106414704
2016-10-11,618.3343460597853,644.4399862815096,615.9568335150612,642.0432135326828,128276785
2016-10-12,637.8379789898552,642.6475268397887,629.2638949387043,635.7951243678986,124457240
2016-10-13,635.5607196070614,638.4947014667101,632.9642416936196,635.3288217408204,116707664
2016-10-14,635.0997082443009,639.7247972412623,628.2336933182658,638.0457908025508,116740847
2016-10-15,638.1852775564123,640.8659262324807,635.7025169627082,636.7173591554766,110948697
2016-10-16,636.4165139606957,643.0889040862545,635.4246843581162,640.4330294524818,98613043
2016-10-17,640.6956017597988,642.9657551659681,634.8725680526493,638.2363785568257,116174930
2016-10-18,639.3712282388942,639.6130005963929,632.3556085849625,635.2516741913081,130449023
2016-10-19,635.1073672147385,637.1872139475424,625.6300228277548,628.6662997535108,100890579
2016-10-20,628.8362501095687,629.9903641026672,626.2095940321905,628.7118242328036,130944102
2016-10-21,628.2415726299581,632.7562002794239,628.0323774100737,630.4802818461595,129698255
2016-10-22,630.1529860821232,656.1634107552134,628.8791398822101,652.4767975854163,118246351
2016-10-23,654.7226947411775,655.1896670868693,647.9564534139524,650.3057909224307,114062472
2016-10-24,650.0543583096614,651.4105971709496,643.2038610986444,648.7729777619805,126710849
2016-10-25,649.5940700927189,657.3924264352524,648.8065290339989,652.6148720913783,131172515
2016-10-26,652.5920035217825,677.2721247830164,652.5920035217825,674.1736532731238,134433598
2016-10-27,674.285368153932,689.9828205669312,674.0683696626232,687.4780503021145,158335978
2016-10-28,687.2481114959443,689.4471865031167,681.8677855220296,688.4962938599248,124073224
2016-10-29,689.2473544226493,722.9057931707446,687.8508843170689,714.0132049999412,115147535
2016-10-30,711.4456199478483,713.8326100974502,693.5333639430038,697.5440979156243,105195514
2016-10-31,696.6602029146156,707.6464726000502,684.3350268775301,697.0695553784091,119178771
2016-11-01,697.1619452980285,736.5073031875758,696.5289551563453,729.7826819595628,123369602
2016-11-02,729.7368873957096,742.1366006752444,719.8111654425613,742.1366006752444,120150132
2016-11-03,744.04805396351,745.0901218149295,679.0267674090423,687.9545124061295,129007646
2016-11-04,686.9746165859666,707.2290589745887,683.7735923725198,704.0639814357988,110878372
2016-11-05,703.5317235431901,707.8627870457623,699.0348518635805,705.4952687890394,116455231
2016-11-06,705.1827960631338,718.8497535942843,701.2982339792059,716.3226858760313,111773203
2016-11-07,715.8587507673834,715.8587507673834,700.2375432058741,703.0813011748169,129425699
2016-11-08,704.342166649924,714.4729571473465,702.0007056937011,710.8930104497259,146358139
2016-11-09,710.8093276206829,743.5175976188497,708.8714975802365,721.2385791964598,131059536
2016-11-10,721.1930845445522,722.9726073724247,707.2265513265868,713.3071442331326,135121533
2016-11-11,713.2481919102636,719.0621575403701,712.3600031284843,716.6398744331848,122995295
2016-11-12,716.730298156384,716.9361431012891,701.8610629297402,704.1206813292735,119291799
2016-11-13,703.3847808595963,704.6020983412816,685.295758120865,702.3881415369592,109778146
2016-11-14,701.9865423188498,707.4600955245439,696.7563048766513,704.8674758914456,135867448
2016-11-15,702.388484840226,715.67496738285,702.388484840226,712.2453422595772,133237760
2016-11-16,711.8031745238364,740.8968470237938,708.7998627217405,737.3415145062261,135263305
2016-11-17,737.8787963399548,749.6812265080863,730.3281411168742,730.3281411168742,142796984
2016-11-18,733.5159476582389,750.4428165099569,730.0983399671245,748.4639181660784,137944523
2016-11-19,748.3661100189278,754.7509684788071,743.325737154348,750.7693031371174,121060812
2016-11-20,750.6763636068356,753.2048478914155,715.5726230045148,729.8329977409578,115459419
2016-11-21,727.9503358912477,738.5829403599674,727.9503358912477,736.549441363089,128180290
2016-11-22,736.366318692705,749.3658474216991,729.345998975166,748.0008385885615,128449698
2016-11-23,748.7223686709772,748.7223686709772,732.0317820379144,741.6163279205991,139763269
2016-11-24,741.7688606750164,743.5659933852934,728.9290615197059,737.6106062205533,154130479
2016-11-25,736.5556829842934,739.7574413834575,729.1553799626213,739.7574413834575,143253281
2016-11-26,737.8416420980788,739.7556247023924,724.3346541152107,732.8834415193076,144540233
2016-11-27,732.418204451302,736.732126799447,724.9748954729611,728.8590062573011,118253620
2016-11-28,728.8764162531509,734.375004834788,726.0819244903234,729.9131589550252,149042162
2016-11-29,730.4139860212515,733.7392698636346,726.947361104508,732.0910705749118,134972985
2016-11-30,732.1214724526936,744.8551436717757,729.0631295955776,742.370297121118,129498482
2016-12-01,742.3568618373367,754.5963944219072,741.7707350952678,753.1630525910048,131287768
2016-12-02,753.0438784678056,776.743089800518,751.7643526057205,769.78817671816,139606140
2016-12-03,770.6341221153474,770.8813843062487,756.3457198881106,766.6808823682435,151454518
2016-12-04,765.5494798697603,768.3435219165734,758.4693452175027,765.0191934692918,126793205
2016-12-05,764.8720046049168,766.9072200956462,745.9347868338791,751.8443230070479,134120037
2016-12-06,750.9011787559958,760.7224266977277,748.6209518130717,759.5092488244851,144372447
2016-12-07,759.5987956023451,768.9407032046026,751.0291348070524,765.0274254944902,153792184
2016-12-08,764.3045339420946,772.5094016687402,762.2262024665561,767.1251344839858,133432891
2016-12-09,767.6956254905681,773.5639942832647,766.4387060099021,772.45075208349,125552661
2016-12-10,772.7405566499747,776.5136969331774,770.409210755806,775.4348079091958,118560679
2016-12-11,775.5101020102769,775.5101020102769,765.0043265829372,769.3897794425235,127861413
2016-12-12,770.7915082354261,781.1815063643012,769.8964479438118,778.2982728836786,125689907
2016-12-13,777.9778602938035,789.9632749911095,772.0048423120476,777.1148524611921,145001160
2016-12-14,776.0633967087743,781.028935218116,772.6789441046136,777.5387069475062,125279798
2016-12-15,777.9858175043721,779.9112215180005,774.8830728407173,776.1219368298958,121298184
2016-12-16,776.1911552088596,784.7571888547947,774.8021913968886,780.9259172614201,128517643
2016-12-17,780.6540970564719,791.6569004718143,779.81272105774,788.9255361334598,117604381
2016-12-18,788.9242371308206,791.6118270058139,785.1548603779514,790.4343388020021,121418061
2016-12-19,790.547231050591,794.9604719234176,789.373908063466,790.9863472149785,138084424
2016-12-20,791.0847354951904,799.9145632755697,788.6597816894955,799.2034682736746,133866330
2016-12-21,799.6275226555387,833.3000276324859,798.6252597775245,833.3000276324859,153229937
2016-12-22,832.975862449333,874.452694482753,831.8373451850745,857.6320329591081,146215092
2016-12-23,856.4308311487679,916.9307747259443,856.24171904185,916.2689181350572,134937512
2016-12-24,915.0629676061328,917.3630699290841,881.96539712977,892.4642177832177,117081099
2016-12-25,891.8472033469388,896.4134577262306,855.0189860134664,894.8863982560963,106900708
2016-12-26,894.3888387244378,907.2220014320039,890.2879719956863,901.3421392502881,121497854
2016-12-27,901.2394255549538,937.1522592541381,895.6102173065716,927.8784235549241,136706726
2016-12-28,929.2456730663207,980.6531650769557,929.1029235348262,978.6706323804319,142386388
2016-12-29,978.0127487386123,987.215777263627,950.6363062935395,970.5916246961866,141022581
2016-12-30,967.8136400718006,968.575319869776,931.4451047347062,960.9125488129987,136820082
2016-12-31,960.7863261013563,970.3818227762677,947.8480305632347,967.7422560147834,118943490
