Timestamp,Open,High,Low,Close,Volume
2019-01-01,3743.86583203,3850.1973079,3709.15013166,3840.95924899,119413493
2019-01-02,3843.95061656,3947.93550634,3816.97950687,3943.28984335,143075129
2019-01-03,3935.94193285,3937.20756035,3824.82909006,3836.55804793,149710286
2019-01-04,3836.43709949,3866.0184931,3783.12068544,3858.23828002,142868598
2019-01-05,3858.59671154,3903.80359502,3832.8374614,3841.06117029,132453795
2019-01-06,3842.27040041,4093.55268744,3828.16135793,4076.20331956,116513218
2019-01-07,4077.44487606,4091.21558979,4017.83652551,4024.46206645,138800788
2019-01-08,4026.82862604,4111.63648545,3996.98705457,4033.55475363,146621946
2019-01-09,4031.44444356,4067.68855534,4022.66146646,4035.71294082,144942413
2019-01-10,4034.77256267,4065.24032132,3662.07724607,3679.79347408,151401473
2019-01-11,3678.05572428,3714.29516007,3651.60402979,3686.21992857,145457418
2019-01-12,3688.48836622,3699.34415128,3652.87433037,3660.89928219,123698814
2019-01-13,3661.15598982,3676.86471307,3543.53474845,3552.00916983,116864287
2019-01-14,3555.96546803,3727.42343442,3550.10042092,3706.05222041,142483358
2019-01-15,3704.21630768,3720.15341533,3619.94912664,3629.3994895,140539458
2019-01-16,3630.67522467,3685.68114079,3624.67338834,3656.46477524,147862788
2019-01-17,3654.65111644,3680.68262016,3621.98010221,3679.8126213,139302345
2019-01-18,3678.09817407,3682.18871858,3638.83196587,3653.6664613,143193756
2019-01-19,3658.19397565,3758.74584048,3652.52359849,3729.0822985,127517613
2019-01-20,3727.8861363,3745.12133553,3583.49022352,3602.94669388,126454282
2019-01-21,3600.44392471,3609.0617849,3558.31826053,3577.02585978,141425220
2019-01-22,3576.2057881,3622.6047046,3541.58494101,3605.04565371,137137885
2019-01-23,3603.92472684,3623.06775216,3565.31403323,3585.12306636,149761652
2019-01-24,3584.5003014,3616.08741447,3569.09284671,3605.01000288,147578079
2019-01-25,3600.86550122,3612.92766233,3575.59733314,3602.06803677,140347672
2019-01-26,3600.0465056,3655.21899363,3593.88340673,3601.75215591,147059291
2019-01-27,3602.87807991,3612.63095152,3568.21703354,3586.69221638,120680355
2019-01-28,3583.96576317,3586.75087826,3438.96154168,3472.33980503,148233468
2019-01-29,3472.52623553,3476.06536415,3399.56008013,3447.03376969,147441942
2019-01-30,3447.15949944,3494.92723364,3428.74333718,3485.3190571,146112951
2019-01-31,3485.65470142,3505.9248455,3448.14018789,3457.19185903,157336964
2019-02-01,3458.79199798,3501.98110478,3430.19869578,3488.65467674,161829214
2019-02-02,3486.48030324,3526.76852089,3467.43850074,3526.76852089,141259965
2019-02-03,3519.73131357,3520.14270577,3446.96752557,3461.49672071,129050175
2019-02-04,3462.27791292,3475.92922207,3440.07371106,3456.78537352,148771126
2019-02-05,3457.60231245,3473.73860598,3452.16509081,3460.72479577,154473230
2019-02-06,3466.22953867,3472.19827101,3396.64290431,3412.83264537,172203186
2019-02-07,3412.8579097,3429.18122524,3396.68122746,3400.6012536,163885678
2019-02-08,3398.35022505,3697.8821196,3391.2978587,3661.6593387,160433275
2019-02-09,3672.75127391,3681.89123823,3647.09820001,3671.81055872,140101913
2019-02-10,3671.99409106,3695.04829377,3640.96745758,3684.24956988,125845379
2019-02-11,3695.00950776,3696.26034651,3643.52508189,3648.09335231,158159381
2019-02-12,3644.9593429,3668.78847548,3620.12613069,3653.99110555,166987894
2019-02-13,3654.54306127,3671.72316464,3616.62766121,3631.34329385,176399372
2019-02-14,3632.10140214,3651.18916666,3603.60663305,3616.36968624,156636947
2019-02-15,3615.36779824,3645.90499755,3608.22929725,3623.22451873,139817982
2019-02-16,3618.94827976,3652.38012107,3618.03949989,3631.0060736,151261016
2019-02-17,3631.52817133,3680.4396099,3618.31635172,3677.11835448,140163547
2019-02-18,3672.14847996,3937.45865944,3670.11883679,3915.15393,167349416
2019-02-19,3915.49492088,4012.35796818,3908.21719629,3946.15354458,165378132
2019-02-20,3946.87871642,4000.52660941,3926.97532817,3996.90234514,154851867
2019-02-21,3999.55901016,4009.72389708,3939.50229346,3952.2103642,140194542
2019-02-22,3954.35226647,4007.84990644,3951.24166936,4002.2913313,175744359
2019-02-23,4001.82886492,4164.82347021,3968.88294726,4145.9880905,140490319
2019-02-24,4143.93575511,4209.59407034,3792.79270563,3814.93757504,142989641
2019-02-25,3809.19235675,3914.82976984,3809.19235675,3884.93555836,158612528
2019-02-26,3879.93560545,3890.97578399,3837.594038,3857.56107734,175902176
2019-02-27,3857.96869485,3887.79927147,3788.50417218,3851.0235527,158592987
2019-02-28,3847.85838777,3905.96763977,3846.10356712,3855.67378101,169552793
2019-03-01,3854.67131094,3907.23502824,3850.92372999,3861.87069318,170541300
2019-03-02,3857.07883064,3876.5951277,3833.39963294,3867.57418178,152490354
2019-03-03,3863.87076948,3875.9326692,3835.13273127,3845.59431118,146471180
2019-03-04,3847.07708831,3866.49878191,3737.44512529,3761.00685915,151304167
2019-03-05,3762.06020569,3905.98218711,3746.51842127,3894.06747372,153391733
2019-03-06,3901.78035159,3914.38871748,3544.02596845,3905.40722269,158118219
2019-03-07,3903.80812524,3938.81037468,3895.89291183,3911.06208338,143149467
2019-03-08,3912.50910315,3949.89129343,3874.81462834,3898.25616475,145750154
2019-03-09,3896.64266561,3988.72867614,3892.49735682,3960.96525724,121726515
2019-03-10,3963.37817166,3966.12643939,3926.04067445,3953.83492806,106504844
2019-03-11,3954.42811648,3965.85770787,3888.38881079,3906.12986299,156090739
2019-03-12,3905.20611374,3927.96156845,3865.12836665,3911.29620526,143545311
2019-03-13,3911.49854907,3924.92153767,3892.52301437,3906.54189115,157036790
2019-03-14,3905.70122177,3941.82494477,3901.97935889,3913.51736755,161739585
2019-03-15,3921.7576974,3968.30116294,3914.61908984,3958.66898443,151048398
2019-03-16,3962.13886581,4078.22044851,3960.54601697,4048.90849948,128495930
2019-03-17,4048.62706823,4053.76508203,4007.36039439,4028.84888287,108397985
2019-03-18,4031.2978842,4072.18142106,4009.64922304,4034.67408291,149181843
2019-03-19,4032.10753013,4082.31009596,4022.99968251,4070.48878613,158244921
2019-03-20,4071.1229258,4089.21751367,4032.08665404,4086.37824344,159657231
2019-03-21,4085.7192442,4098.83600535,4005.68035002,4031.48944687,148620442
2019-03-22,4030.42836944,4054.02827724,4020.67335033,4023.91043451,152017145
2019-03-23,4023.56589144,4050.21816607,4015.47143366,4036.5766927,121766683
2019-03-24,4034.51787899,4039.07966151,4006.87963497,4018.86969869,112994671
2019-03-25,4022.3344762,4038.02616398,3928.24023272,3963.78397879,156380499
2019-03-26,3966.38989229,3985.08080287,3943.82684549,3985.08080287,161806426
2019-03-27,3984.05865565,4087.26564213,3976.66216795,4086.67786266,178693395
2019-03-28,4088.34231603,4092.89796395,4040.39756699,4069.10714977,177673555
2019-03-29,4068.29989093,4112.86097712,4034.13550352,4098.37454059,181344564
2019-03-30,4092.33258914,4296.8066502,4053.90965067,4096.91963725,167435297
2019-03-31,4107.576910994769,4114.398019323669,4084.641275167787,4104.234233128829,163077892
2019-04-01,4136.10966524,4164.95332383,4129.6333425,4157.46569937,163881426
2019-04-02,4158.79582972,4902.06297099,4156.27698338,4886.74969679,190780358
2019-04-03,4879.95813337,5305.91775262,4879.95813337,4971.30774104,177213527
2019-04-04,4982.38145099,5061.61795357,4837.20633591,4922.79878778,169766239
2019-04-05,4929.4628524,5050.37932888,4919.49163361,5036.79302365,196019247
2019-04-06,5037.51135107,5200.70062812,4994.2466315,5062.79376134,168377484
2019-04-07,5059.9403678,5235.1864351,5050.65925621,5198.89699014,160534905
2019-04-08,5198.96643568,5316.7714829,5153.14618365,5289.91798137,180267576
2019-04-09,5283.72512232,5283.72512232,5170.03380163,5204.95837847,165118045
2019-04-10,5199.25933143,5420.0151009,5195.94253464,5325.08155529,179572647
2019-04-11,5332.19183084,5346.67548594,5018.99749514,5064.48767243,188612181
2019-04-12,5055.44514558,5102.39650934,4959.6997238,5088.84997329,178769967
2019-04-13,5085.89730758,5125.57442674,5063.15844748,5096.58656276,149456964
2019-04-14,5091.79068689,5183.95305168,5054.85490603,5167.32198286,145902201
2019-04-15,5172.82196344,5196.28645035,5024.21667997,5066.18715458,177885413
2019-04-16,5065.50710931,5237.74285927,5055.63441365,5237.59520905,181581498
2019-04-17,5236.19521033,5273.19100808,5220.91458997,5251.66380021,169606218
2019-04-18,5252.97943913,5319.1345407,5250.86463748,5299.16459453,180964959
2019-04-19,5296.26913569,5336.68000293,5233.5701453,5305.45513705,184245118
2019-04-20,5305.57754694,5357.94531588,5295.87771212,5337.37851834,162467728
2019-04-21,5335.27217207,5359.03076757,5259.82458995,5314.5314532,185017959
2019-04-22,5312.19998289,5421.68914526,5280.97412861,5399.71139699,153012202
2019-04-23,5402.12900542,5633.80205461,5391.08522379,5571.97722679,145628388
2019-04-24,5565.38562401,5640.62802894,5418.26332858,5464.86664182,201153739
2019-04-25,5469.22581121,5541.70354071,5186.06515924,5210.59362141,174342081
2019-04-26,5211.86373559,5378.49449687,5181.30764677,5280.61484521,189527490
2019-04-27,5284.00765002,5310.07856043,5233.86154802,5266.45814395,160285094
2019-04-28,5270.61932688,5325.71660604,5255.68374555,5285.13900822,159289081
2019-04-29,5286.74425476,5310.91232526,5217.44054083,5248.20427091,196075873
2019-04-30,5247.30621199,5361.01948802,5225.05583286,5350.03250117,181261741
2019-05-01,5350.45755263,5416.91914451,5348.57193586,5401.02963619,192643557
2019-05-02,5405.91516328,5521.31401513,5395.5970381,5505.28367176,202494960
2019-05-03,5503.19550801,5864.90226901,5490.60860015,5768.28940693,186634339
2019-05-04,5768.78256366,5881.5158192,5645.61942662,5829.93903031,156740794
2019-05-05,5827.11154189,5828.43394308,5708.03512399,5790.99875859,154278899
2019-05-06,5786.73055749,5799.5167969,5661.7297708,5750.26065528,184498272
2019-05-07,5745.00922042,5987.79927942,5742.17183819,5843.49506628,160988820
2019-05-08,5821.34865987,5988.61297939,5795.01159073,5983.76061268,188894378
2019-05-09,5986.07258262,6182.77815041,5986.07258262,6174.13234808,188751940
2019-05-10,6179.42998657,6432.95467609,6161.96393256,6379.29211794,157392270
2019-05-11,6376.68409749,7324.4337096,6376.68409749,7212.29317912,161231906
2019-05-12,7194.08355425,7500.80113121,6825.49618484,6972.37152291,195041655
2019-05-13,6967.23280108,8046.54440782,6901.95534965,7807.13438133,200910721
2019-05-14,7800.32326801,8265.04614707,7696.39104325,7994.41615632,187012051
2019-05-15,7994.19762377,8215.58285785,7901.34945204,8205.16749484,184369346
2019-05-16,8180.78422687,8317.75678747,7745.82133897,7883.39290525,181758145
2019-05-17,7896.71539081,7926.86504989,7044.89302154,7332.33362812,190420325
2019-05-18,7354.1017128,7442.54889811,7251.50451112,7272.8703646,190023676
2019-05-19,7276.11426951,8251.76222651,7271.36486579,8197.08154991,183158920
2019-05-20,8187.85753609,8187.85753609,7687.49299093,7977.28172834,189491784
2019-05-21,7981.75514113,8053.33693169,7843.33978307,7964.08716828,192518731
2019-05-22,7960.50759565,7997.37966132,7628.68732639,7684.84214611,200549184
2019-05-23,7671.96676838,7943.79138993,7541.44443999,7881.84672105,193809999
2019-05-24,7876.15118011,8140.71991773,7828.30135707,7987.37156583,191828553
2019-05-25,8001.68835939,8115.99295932,7968.26237181,8052.54385907,164830486
2019-05-26,8053.81563674,8681.87849893,7924.67019111,8674.07240318,165165830
2019-05-27,8688.67769762,8891.88349695,8673.8280423,8802.75819975,198788841
2019-05-28,8775.17499291,8796.87909733,8634.72130428,8719.9617362,207047185
2019-05-29,8709.61844455,8749.76851277,8487.86517604,8658.62021569,212957655
2019-05-30,8660.81251906,9008.31456846,8245.73338624,8313.21305379,194126116
2019-05-31,8318.7670043,8584.03749936,8179.49648626,8584.03749936,151095130
2019-06-01,8570.55818669,8621.06239545,8483.15977784,8567.49579932,187803514
2019-06-02,8564.67637559,8808.21510052,8562.65615454,8744.99858488,157228987
2019-06-03,8741.7642583,8741.7642583,8204.18581516,8214.54501611,149510033
2019-06-04,8202.54462512,8202.54462512,7566.89809661,7694.79046347,192946729
2019-06-05,7706.14403289,7898.81601792,7669.31847831,7820.49742937,198298850
2019-06-06,7822.06180679,7931.28679692,7574.00973064,7823.96826187,181860453
2019-06-07,7825.23595667,8123.30740232,7788.3733918,8042.62455272,187612190
2019-06-08,8027.26919882,8076.89110147,7841.98096023,7941.75919036,141791682
2019-06-09,7948.49015952,7975.97432619,7585.33515703,7686.70517038,136278598
2019-06-10,7680.39605152,8030.84444965,7586.73084679,7994.91667422,180619305
2019-06-11,8007.0289706,8020.39260619,7777.06199755,7923.19557195,179849631
2019-06-12,7929.88638575,8195.21333729,7864.289629,8139.61233897,165024039
2019-06-13,8146.09298786,8311.56742951,8087.06116595,8226.39499438,190836865
2019-06-14,8232.9691052,8706.37825668,8183.39293312,8690.3978563,218010891
2019-06-15,8690.36480064,8858.8170055,8618.39596373,8839.69426128,180071387
2019-06-16,8841.71881342,9335.86694232,8815.4096822,8993.51985508,152718953
2019-06-17,8988.92682458,9393.19152834,8988.92682458,9323.18877291,164039599
2019-06-18,9334.45714022,9348.37442796,9012.88991606,9070.351716,201410735
2019-06-19,9077.05143941,9287.18820119,9077.05143941,9276.77182364,205177250
2019-06-20,9271.96408555,9588.27479481,9233.40725125,9527.85336616,179246676
2019-06-21,9527.6241847,10118.5985274,9527.6241847,10118.5985274,168295031
2019-06-22,10178.0210488,11157.3455164,10111.9387391,10694.29348,170457994
2019-06-23,10695.4664564,11233.8190776,10559.7574032,10842.5148341,213404859
2019-06-24,10853.3594757,11065.8960178,10610.4280819,11006.9875879,215133380
2019-06-25,11013.1040314,11784.6041669,11013.1040314,11784.6041669,181827706
2019-06-26,11787.8507531,13796.4890807,11768.2225379,13003.3251831,204677176
2019-06-27,13005.8689595,13293.5568861,10513.1798302,11151.3707985,175077061
2019-06-28,11192.8214734,12445.1752203,10949.5565739,12392.3293102,204583427
2019-06-29,12400.910221,12400.910221,11518.3216351,11958.9651413,199800020
2019-06-30,11948.3694999,12167.3537732,10817.5692473,10817.5692473,152474122
2019-07-01,10820.0871886,11206.4398606,10089.3143739,10590.7580719,180559617
2019-07-02,10589.0494913,10912.1886159,9737.88454398,10810.4966905,195858581
2019-07-03,10888.9417455,11954.0158869,10888.9417455,11953.3879742,204086784
2019-07-04,11986.6544597,11993.841439,11207.4662626,11212.6101976,190265619
2019-07-05,11168.382748,11386.4589116,10887.5438612,10984.1057812,194187001
2019-07-06,11015.4440408,11605.2796008,11015.4440408,11209.2110757,159631600
2019-07-07,11162.6406217,11538.7378548,11159.8944496,11451.3503881,146334130
2019-07-08,11453.5123512,12339.1233071,11399.7327769,12285.7323738,189468104
2019-07-09,12282.5387214,12756.811194,12237.7781673,12560.6272457,177852647
2019-07-10,12559.4672764,13117.1061499,11763.6718377,12152.5890505,163811893
2019-07-11,12108.744452,12108.744452,11168.7497012,11345.7367321,161590858
2019-07-12,11349.006308,11894.0245083,11184.9956754,11816.4282932,202054561
2019-07-13,11829.0289559,11841.9572004,10912.2865662,11373.0446962,147797145
2019-07-14,11401.9495782,11446.9989729,10237.4418775,10258.343575,138113313
2019-07-15,10263.0557527,11041.6798632,9992.00724951,10902.4940933,165815792
2019-07-16,10882.3363773,10991.7888063,9464.60300824,9493.31755974,177956841
2019-07-17,9487.8461456,9960.67270069,9183.59009607,9694.45068639,153394837
2019-07-18,9698.03951412,10720.3062517,9380.36608426,10663.3319664,152539569
2019-07-19,10668.4056819,10715.8369185,10246.8649562,10533.9668428,148978230
2019-07-20,10535.7172077,11044.8255154,10452.0022409,10770.4048064,185353519
2019-07-21,10773.9344375,10829.8304255,10392.065546,10598.6005555,132135343
2019-07-22,10615.3133756,10645.003855,10161.1781183,10339.5348432,158648667
2019-07-23,10333.9921191,10333.9921191,9883.59513007,9900.10969969,157784730
2019-07-24,9873.36635152,9901.61913808,9627.82603019,9821.99302633,153860495
2019-07-25,9795.96270762,10151.0985387,9778.81079331,9912.80914244,169942815
2019-07-26,9912.97826008,9912.97826008,9721.66471987,9872.51472048,158805480
2019-07-27,9866.19343799,10156.3205411,9423.13142859,9457.60326361,130372588
2019-07-28,9490.21337454,9574.96566056,9261.71064572,9555.36758424,123072216
2019-07-29,9547.97917185,9680.25329798,9481.07745873,9521.49191299,161263652
2019-07-30,9529.27572618,9701.7593939,9444.99878476,9604.74200395,165852318
2019-07-31,9601.64426084,10085.6277491,9601.64426084,10085.6277491,172194999
2019-08-01,10083.1371219,10441.3250371,9928.49732198,10399.6694229,163367765
2019-08-02,10417.2575696,10654.4353677,10371.8988512,10518.1746772,174548764
2019-08-03,10520.9916394,10915.8810228,10505.4661552,10821.7265103,146557904
2019-08-04,10823.4755599,11008.540909,10625.0684916,10970.1842157,137713428
2019-08-05,10967.4370951,11895.0919275,10967.4370951,11805.6537253,168614775
2019-08-06,11810.279073,12273.8213783,11290.7316542,11478.1693461,184331718
2019-08-07,11453.6396047,12033.1002116,11434.0112593,11941.9683406,173504441
2019-08-08,11976.3781889,11976.3781889,11564.7333538,11966.407405,175934493
2019-08-09,11961.4862707,11961.4862707,11713.7609986,11862.93676,169961355
2019-08-10,11868.6957002,11911.6257742,11325.736925,11354.0242177,137434994
2019-08-11,11336.4938732,11523.5793784,11254.1506731,11523.5793784,121026585
2019-08-12,11516.0319282,11516.0319282,11329.3050611,11382.6159562,137736368
2019-08-13,11389.1449888,11420.0498609,10830.3269144,10895.8304358,186702136
2019-08-14,10884.6368192,10884.6368192,10028.1353635,10038.4217089,173178087
2019-08-15,10091.2385905,10435.2545559,9676.63037445,10311.545429,167325165
2019-08-16,10299.494384,10516.1169968,9881.04351618,10374.3393471,152232658
2019-08-17,10351.061588,10446.9791859,10096.6980808,10231.7438454,127537099
2019-08-18,10231.5928914,10486.3576452,10119.0946079,10345.8103795,119589508
2019-08-19,10342.1993714,10916.0538702,10313.4163075,10916.0538702,152977500
2019-08-20,10929.3614037,10929.3614037,10628.0021215,10763.2326304,164754481
2019-08-21,10778.9932943,10794.0432202,9962.7216442,10138.049355,161570415
2019-08-22,10131.9694849,10218.8138362,9833.02998713,10131.0561021,175051573
2019-08-23,10111.3727288,10442.4435166,10078.1927261,10407.965329,167555938
2019-08-24,10411.5788809,10416.3479942,9982.29685483,10159.9605385,156278272
2019-08-25,10154.7024422,10299.8179905,10009.9820912,10138.517665,124592005
2019-08-26,10143.9232424,10510.2740679,10143.9232424,10372.8263035,160293665
2019-08-27,10377.9104856,10377.9104856,10088.1871469,10185.4998997,156512988
2019-08-28,10193.4800707,10279.3659944,9716.74575832,9756.78570735,156751157
2019-08-29,9738.03303872,9738.65227882,9423.66733963,9510.20054413,164196676
2019-08-30,9506.14851232,9648.12725383,9432.3220061,9598.17364826,160804395
2019-08-31,9599.94872089,9673.22043974,9535.42663897,9630.59319616,145074854
2019-09-01,9625.73695812,9792.10569453,9582.94463078,9757.97031807,126589406
2019-09-02,9755.56076507,10390.0685686,9749.79179532,10346.7607927,157251297
2019-09-03,10362.9598103,10731.4103123,10308.5478807,10623.5401172,178394655
2019-09-04,10615.0135595,10761.1701105,10434.7103971,10594.4933536,160154533
2019-09-05,10586.6389825,10627.2698685,10516.4182336,10575.533284,168366227
2019-09-06,10583.9941623,10898.7621803,10294.6398736,10353.3025592,172387500
2019-09-07,10356.4780085,10556.5916433,10356.4780085,10517.254784,138697784
2019-09-08,10516.3674267,10586.3471174,10411.8652249,10441.275979,125102185
2019-09-09,10439.071093,10449.0420532,10158.3122192,10334.9741628,159064759
2019-09-10,10330.4707217,10389.4804024,10027.1606105,10115.9757913,174185353
2019-09-11,10116.1377183,10211.7209942,10013.5082281,10178.3718893,175365575
2019-09-12,10191.599153,10442.2538742,10100.4722625,10410.1268031,154755897
2019-09-13,10422.4432292,10438.3805574,10228.6378907,10360.5472773,160384975
2019-09-14,10351.9851245,10418.023018,10296.5121968,10358.0491621,140008491
2019-09-15,10358.0737747,10386.944071,10316.7880309,10347.7129074,127517455
2019-09-16,10345.4982931,10383.5703773,10191.0933129,10276.7935649,171892583
2019-09-17,10283.0043969,10292.2148082,10199.7397431,10241.2721545,171284122
2019-09-18,10237.7779212,10273.3242642,10197.3604618,10198.2484072,186097734
2019-09-19,10208.5455996,10295.6689895,9857.79841054,10266.4149694,163392380
2019-09-20,10271.3307944,10280.9695212,10133.9541343,10181.6413094,157021480
2019-09-21,10177.2445569,10185.2098216,10006.5183751,10019.7169101,146802539
2019-09-22,10022.5471103,10073.8759643,9922.53339543,10070.3921064,141169016
2019-09-23,10070.0546717,10070.0546717,9729.32376435,9729.32376435,141740165
2019-09-24,9728.99517678,9803.31977893,8370.80138242,8620.56642733,182627349
2019-09-25,8605.70189999,8732.89084883,8325.40235769,8486.99297206,172247288
2019-09-26,8474.72671275,8505.23619829,7906.88704144,8118.96756783,165930682
2019-09-27,8113.07533017,8265.89429509,7975.12361028,8251.84555744,144545185
2019-09-28,8254.28283449,8284.02732123,8125.43166316,8245.91515478,141008977
2019-09-29,8253.71499468,8255.55167736,7990.49716007,8104.18567564,122219124
2019-09-30,8099.88507196,8314.23099666,7832.47235382,8293.86774062,149518774
2019-10-01,8295.01959351,8492.98653922,8235.74219683,8343.2766814,160113968
2019-10-02,8345.33363611,8393.04164486,8227.69570267,8393.04164486,148825379
2019-10-03,8414.22717061,8414.22717061,8146.43684146,8259.99197863,152543233
2019-10-04,8248.26781446,8248.26781446,8151.25557452,8205.93924121,159721482
2019-10-05,8196.13195772,8214.79015635,8071.12083379,8151.50052921,139846172
2019-10-06,8152.59034501,8161.41016074,7967.7144655,7988.15595888,121084903
2019-10-07,7980.63414264,8305.10739174,7907.5630838,8245.622933,155841482
2019-10-08,8246.40272452,8327.58548974,8187.23044799,8228.7831528,156511265
2019-10-09,8226.74986781,8626.14353946,8169.29898629,8595.73981722,142417695
2019-10-10,8588.76863371,8621.26665652,8475.0094133,8583.1788414,156788054
2019-10-11,8585.26280768,8714.5046001,8321.11873109,8321.11873109,158603696
2019-10-12,8315.66465289,8415.24222171,8315.66465289,8342.69554698,129157377
2019-10-13,8336.90223051,8470.92224631,8278.44065784,8323.08261224,115983399
2019-10-14,8320.83224411,8390.11614172,8285.11300917,8371.9891356,142962943
2019-10-15,8373.45825537,8407.25812225,8183.53611728,8208.03348086,152319976
2019-10-16,8204.67452005,8216.56097845,7996.56489939,8057.29564754,159642437
2019-10-17,8047.81274259,8133.55393174,8002.5517364,8102.95289694,164731756
2019-10-18,8100.93361588,8136.56433075,7903.10030003,7977.41883564,150715507
2019-10-19,7973.8037681,8082.62930791,7949.46509091,7990.31255402,137536143
2019-10-20,7997.8070221,8276.58641891,7949.43922655,8218.07286805,123357444
2019-10-21,8225.11518823,8283.10632993,8198.1955696,8236.27737182,160384203
2019-10-22,8243.40209165,8294.23108234,8076.71059219,8080.61566695,162019055
2019-10-23,8076.22846601,8092.97497808,7473.11243066,7506.16004227,164307383
2019-10-24,7509.72818274,7532.86765606,7451.56668735,7497.31006854,145114743
2019-10-25,7490.70317641,8690.82759844,7480.3584525,8656.17219802,164193601
2019-10-26,8667.57715496,10021.743983,8667.57715496,9248.60509745,171448577
2019-10-27,9241.70707513,9749.52966634,9117.2151106,9559.52904735,126722830
2019-10-28,9565.10188348,9805.11808945,9266.54148344,9266.54148344,160878946
2019-10-29,9248.4405622,9511.26145759,9234.04025918,9429.56422378,154127589
2019-10-30,9422.4633254,9423.88807624,9090.22296052,9209.14008588,147242781
2019-10-31,9202.45758879,9355.32304825,9033.84183146,9190.15935841,142629028
2019-11-01,9193.99198943,9267.7253325,9132.36299541,9260.4172551,161291108
2019-11-02,9259.78300285,9377.48656728,9249.58772699,9324.92966758,132554176
2019-11-03,9324.78683223,9379.08930618,9141.70515991,9235.20529549,133757984
2019-11-04,9235.60706498,9492.92543176,9194.67851153,9414.27063268,153737430
2019-11-05,9413.00494286,9453.63636499,9256.93201502,9348.12927384,163746611
2019-11-06,9340.86427973,9423.23703723,9311.83991642,9357.01438149,168093803
2019-11-07,9352.39346741,9363.83830913,9206.90044834,9267.47944726,159083384
2019-11-08,9265.36833744,9270.98366142,8780.04289439,8816.95087372,149138102
2019-11-09,8809.46919831,8891.18677394,8793.16349154,8814.88268835,152988502
2019-11-10,8812.48953287,9102.88315815,8807.98798306,9058.22603921,137572214
2019-11-11,9056.91770059,9081.27928096,8700.60878725,8756.31731395,151488966
2019-11-12,8759.75190096,8853.76817777,8685.42814321,8812.71866317,139551635
2019-11-13,8812.03362864,8834.57361924,8761.6511216,8817.26151868,155925604
2019-11-14,8811.93633174,8825.35440257,8694.97782844,8710.28507816,165779402
2019-11-15,8705.70810061,8727.25871531,8488.82230585,8491.55733354,175847749
2019-11-16,8491.16631667,8579.71817441,8475.6072495,8546.7319707,173323958
2019-11-17,8549.47090893,8723.50706681,8507.03524255,8572.18503827,170648991
2019-11-18,8573.98009164,8651.5396734,8276.30101408,8311.81088865,142612066
2019-11-19,8305.13429095,8408.3763519,8100.30760644,8203.93739828,168083841
2019-11-20,8203.61317991,8231.65222304,8012.49890917,8027.77939437,145625189
2019-11-21,8023.64468729,8109.90386538,7600.57740825,7640.63676782,166330152
2019-11-22,7643.56942455,7694.96496679,6962.35999849,7304.96236288,165043745
2019-11-23,7296.16442479,7388.29606776,7151.41781411,7384.69785526,145514952
2019-11-24,7398.63390574,7404.18793986,7046.14174647,7046.14174647,114651156
2019-11-25,7039.97703454,7312.77810936,6621.60935788,7150.12871408,134460179
2019-11-26,7145.1590862,7315.8016475,7098.57229752,7223.03582563,152951206
2019-11-27,7220.88064968,7607.20411013,6977.31548073,7539.34651048,164751914
2019-11-28,7536.82010358,7666.40631049,7455.9567485,7465.22589107,142307127
2019-11-29,7466.72728957,7776.83151058,7464.35705305,7762.17959453,143496606
2019-11-30,7764.05726187,7832.47408857,7519.2269121,7567.97497695,134841356
2019-12-01,7571.61619421,7571.61619421,7295.18355987,7425.85766438,120962450
2019-12-02,7424.03619682,7474.81886382,7236.65569294,7325.33487256,147742419
2019-12-03,7323.97540332,7417.60664156,7232.32536265,7323.81210021,151867977
2019-12-04,7320.12506594,7539.37565593,7177.44101934,7260.10003443,155970727
2019-12-05,7253.24189285,7527.0182877,7232.67698855,7447.6673282,147649154
2019-12-06,7450.56165667,7544.37903416,7392.8804785,7544.37903416,153513714
2019-12-07,7545.86301628,7588.23416338,7532.20133909,7552.29963464,134139179
2019-12-08,7549.70487829,7634.60664192,7477.52934693,7566.18173083,123556044
2019-12-09,7561.45908286,7607.92081961,7369.18413221,7401.01158117,161119108
2019-12-10,7395.67640829,7423.1715154,7247.95728643,7274.46261839,163681148
2019-12-11,7278.6314911,7323.97139723,7196.41308605,7218.25648469,157753020
2019-12-12,7216.73183869,7264.4540749,7165.16856487,7244.48940003,145707548
2019-12-13,7245.29453831,7293.56066067,7227.65407812,7267.35915452,150485043
2019-12-14,7269.825868,7301.22604639,7097.91325505,7130.35799572,136274655
2019-12-15,7123.87917696,7180.70617429,6948.54684433,7157.82998088,138847582
2019-12-16,7153.2209284,7171.0348934,6906.7374296,6930.50585768,162982174
2019-12-17,6930.66963466,6963.96646016,6587.97426228,6611.51046846,185275478
2019-12-18,6597.44062582,7305.44855998,6547.11014641,7270.46966975,154411193
2019-12-19,7284.01410973,7346.60239301,7046.90298488,7204.0210376,159035177
2019-12-20,7208.32875498,7237.65924405,7162.68313869,7217.26972298,149981015
2019-12-21,7223.22627792,7223.22627792,7150.16412238,7189.90636821,133012857
2019-12-22,7190.55435938,7512.80063541,7167.17911959,7512.80063541,125102333
2019-12-23,7510.16814212,7652.58718181,7330.88769553,7355.16830714,148304188
2019-12-24,7353.05683095,7494.79485045,7273.09394724,7309.21393158,138908117
2019-12-25,7321.30448892,7350.539125,7222.79158576,7280.45240018,113781708
2019-12-26,7277.47407048,7386.17673522,7203.73274366,7240.0270056,139856201
2019-12-27,7236.23485678,7360.80832371,7198.94525406,7295.60723294,147441807
2019-12-28,7291.11585312,7392.30352765,7290.12783773,7319.89084853,132480971
2019-12-29,7279.86546765,7511.10650979,7279.86546765,7419.17941527,121964423
2019-12-30,7420.28197424,7451.48016382,7283.38133498,7300.67426507,156739474
2019-12-31,7292.74306676,7329.46677776,7169.90194447,7197.52710917,142372346
2020-01-01,7195.12484514,7251.88948986,7174.94415256,7199.66110087,111923002
2020-01-02,7205.21317903,7210.54118018,6944.25472071,6985.65902257,142687006
2020-01-03,6982.22936048,7406.15316829,6919.34773049,7347.59737791,153827909
2020-01-04,7350.28672719,7416.98892482,7312.09366032,7415.20244546,133438381
2020-01-05,7409.41718698,7541.89754499,7405.65702871,7410.81254092,128840922
2020-01-06,7409.73931838,7777.0135036,7409.73931838,7770.52843473,152173279
2020-01-07,7768.22771944,8178.21587336,7768.22771944,8166.96310003,166848512
2020-01-08,8162.44812791,8393.4548233,7966.16249767,8082.95054727,150957453
2020-01-09,8079.77365843,8079.77365843,7843.58067004,7880.28824913,163981157
2020-01-10,7870.19011796,8164.65571526,7734.49575355,8164.65571526,166890723
2020-01-11,8162.79737968,8216.04100476,8029.64210795,8029.64210795,137479979
2020-01-12,8033.26184596,8198.14528419,8013.90940094,8185.64036985,124517234
2020-01-13,8187.06976034,8191.33161477,8079.70074107,8148.31886082,140306016
2020-01-14,8142.98461236,8865.87993889,8142.89549984,8827.76442606,176793165
2020-01-15,8793.70930055,8876.94946658,8657.18744654,8807.01027532,160780041
2020-01-16,8817.1916805,8846.46109861,8614.38365726,8723.78576573,156312181
2020-01-17,8725.2351715,8956.17628306,8678.86942107,8929.0376776,153984386
2020-01-18,8898.72608801,8979.8755786,8835.40730137,8942.80890321,126015081
2020-01-19,8923.5801411,9163.76274181,8620.88876182,8706.24512993,131153746
2020-01-20,8713.25129291,8738.55822041,8564.21117745,8657.64293942,150659120
2020-01-21,8652.84532495,8753.0899111,8545.89666779,8745.89478833,152905790
2020-01-22,8740.48156865,8791.33116878,8643.22570027,8680.87604222,165105390
2020-01-23,8680.14842441,8687.74708842,8337.8688481,8406.5160678,165237518
2020-01-24,8404.60564199,8510.44112145,8267.01290315,8445.43428152,156934402
2020-01-25,8450.42961311,8450.42961311,8296.50162646,8367.84777344,139878277
2020-01-26,8357.95197621,8600.873065,8326.34531431,8596.82983316,117995928
2020-01-27,8606.57019916,8964.25577978,8606.57019916,8909.81917753,136165931
2020-01-28,8910.75442715,9358.59031703,8908.44692853,9358.59031703,171023769
2020-01-29,9380.91880816,9400.56478898,9270.63777795,9316.62950445,160667243
2020-01-30,9308.64668458,9551.7670026,9235.30214093,9508.9935947,157094759
2020-01-31,9500.3636891,9519.61136338,9234.69365735,9350.52936518,159643706
2020-02-01,9351.49057119,9438.23342452,9315.02766293,9392.87536841,145274291
2020-02-02,9384.10352728,9466.93876345,9217.82397728,9344.36529292,144785624
2020-02-03,9342.68873975,9534.57043128,9267.90594481,9293.52108908,176176012
2020-02-04,9290.61643657,9330.70462306,9117.03933808,9180.9629665,157659283
2020-02-05,9179.93968789,9701.30003735,9165.00223149,9613.42428895,172412194
2020-02-06,9622.87267809,9824.61926061,9544.32147887,9729.80223149,153418183
2020-02-07,9730.12581599,9834.71678972,9730.12581599,9790.33384641,178308130
2020-02-08,9793.07042002,9874.64674703,9682.93023672,9866.50724373,155140393
2020-02-09,9863.89488145,10122.2757778,9852.71517234,10119.1248203,145580774
2020-02-10,10115.559686,10165.765355,9786.6763041,9865.59260896,146334575
2020-02-11,9855.89170857,10208.6347921,9734.76356067,10205.1323621,186230085
2020-02-12,10202.3876541,10379.7157179,10202.3876541,10322.7164894,162955394
2020-02-13,10323.9604932,10457.6271997,10118.110859,10205.6192109,173300587
2020-02-14,10211.5503892,10319.7073833,10125.7312523,10300.0506266,147139668
2020-02-15,10313.8568369,10339.4188926,9874.4275077,9891.83650918,156087463
2020-02-16,9889.17970534,10047.4985829,9728.21927543,9943.25998095,132679455
2020-02-17,9936.56026014,9936.56026014,9507.75815589,9686.04920977,160816518
2020-02-18,9691.23094489,10158.8425008,9633.72839234,10147.0726363,168370617
2020-02-19,10143.7983568,10188.5411972,9620.61652197,9635.05008713,164387669
2020-02-20,9629.32531033,9638.59498827,9511.63783814,9618.25906453,157301299
2020-02-21,9611.78201954,9717.20125702,9591.06975434,9690.95528682,164271374
2020-02-22,9687.70676008,9697.26921363,9604.35014068,9660.91488832,139709119
2020-02-23,9663.31864201,9931.37215679,9658.77046363,9920.86796684,129066514
2020-02-24,9921.58346055,9949.14022947,9539.77894144,9645.39833042,160864245
2020-02-25,9651.31279866,9651.72668132,9312.29376518,9346.53346695,153238885
2020-02-26,9338.29028024,9352.75384137,8706.83530569,8824.33122732,158185968
2020-02-27,8825.09351775,8930.56647405,8583.92466551,8786.87893969,162027737
2020-02-28,8788.72854689,8886.19219509,8498.02728967,8689.11524591,170997743
2020-02-29,8671.21254207,8773.8232996,8611.52653232,8615.22772355,137458522
2020-03-01,8599.7583441,8721.90350061,8472.78428736,8563.41168611,146766023
2020-03-02,8563.26425933,8918.55093966,8533.57103934,8865.83955705,166265421
2020-03-03,8865.38796487,8897.25084978,8708.62731794,8792.35171065,175004630
2020-03-04,8788.54218625,8841.41917342,8712.83955953,8742.61166128,204685965
2020-03-05,8760.28504049,9140.57400281,8760.28504049,9077.87946386,162791155
2020-03-06,9078.30852906,9166.33952768,9032.65953171,9120.74845437,166328234
2020-03-07,9121.60053553,9163.22109566,8893.54895507,8909.75828069,142747497
2020-03-08,8908.20601509,8908.49789858,8110.25607808,8110.25607808,137301009
2020-03-09,8111.14639164,8174.02276735,7694.39150118,7916.62214092,172120944
2020-03-10,7922.1470416,8136.9452227,7820.68649227,7915.61754792,171486752
2020-03-11,7910.08980669,7946.40282983,7647.84954277,7912.81530473,143741354
2020-03-12,7917.19536947,7928.07450253,4860.35383012,4860.35383012,186442540
2020-03-13,5015.39185203,5837.32714273,4106.98075029,5547.0651614,162036888
2020-03-14,5578.69378471,5616.71665325,5140.42273106,5195.85517452,163082220
2020-03-15,5200.51921496,5814.88550052,5173.26711828,5391.06024919,132475269
2020-03-16,5381.79259034,5381.79259034,4590.5536721,5014.86830377,141972622
2020-03-17,5015.42283556,5364.01102509,4981.90941273,5237.76209482,151436765
2020-03-18,5207.2342386,5318.4125315,5069.3361519,5237.91386092,116458954
2020-03-19,5245.50231539,6329.73594838,5245.50231539,6193.29577035,139767092
2020-03-20,6189.48329444,6831.06520314,5886.34538121,6186.21871982,137783693
2020-03-21,6192.98155388,6365.68016334,5946.56317162,6172.9672775,137383722
2020-03-22,6183.80519637,6355.16761962,5823.71407014,5833.51061024,107021262
2020-03-23,5836.97788074,6437.99110317,5785.57179402,6431.81003808,129934861
2020-03-24,6429.38616408,6784.59514858,6411.59864797,6732.65221467,154424716
2020-03-25,6737.71728443,6884.35183936,6545.95064082,6677.07432527,103489646
2020-03-26,6673.69763718,6732.33971314,6594.05727909,6718.96731486,181608084
2020-03-27,6719.24798722,6791.29591963,6470.89335934,6470.89335934,172046404
2020-03-28,6467.501165,6467.501165,6117.83774851,6241.56512496,122852473
2020-03-29,6241.74543718,6241.74543718,5922.80312347,5929.677884,116186314
2020-03-30,5918.74487462,6517.19578925,5905.30465877,6447.72579951,155118014
2020-03-31,6429.74922194,6502.43498575,6376.58958968,6443.31405026,163049713
2020-04-01,6436.34779459,6589.24919192,6206.73129513,6589.24919192,170334322
2020-04-02,6618.55555879,7088.24732438,6597.34671672,6795.04299179,170563754
2020-04-03,6797.39659183,7003.22078432,6678.49520602,6736.36381431,151549333
2020-04-04,6738.38301967,6871.95962749,6700.12218372,6858.69700969,169067956
2020-04-05,6862.53782636,6883.41414332,6718.38648636,6794.47452422,134623280
2020-04-06,6788.04980287,7263.12658198,6785.78723145,7248.72410192,149022196
2020-04-07,7273.64421075,7419.2388748,7136.71418613,7172.87828873,191015706
2020-04-08,7177.68392022,7350.41009152,7153.30567428,7335.36979909,160690310
2020-04-09,7333.71502064,7341.0980976,7179.0943407,7301.01277516,164622041
2020-04-10,7302.56533519,7302.56533519,6802.47496589,6862.78799691,146647212
2020-04-11,6867.3955109,6926.0696338,6789.9207024,6852.50192071,124713312
2020-04-12,6857.6392594,7114.92038736,6813.20430834,6998.39400574,122398897
2020-04-13,6938.4979304,6938.4979304,6683.10673332,6845.09526906,158842653
2020-04-14,6848.50117315,6958.55722441,6795.47449472,6841.27304616,165979198
2020-04-15,6840.14871617,6926.97577835,6633.40269245,6643.97961617,198825280
2020-04-16,6641.06548229,7125.72688767,6562.53429899,7106.09484684,171102179
2020-04-17,7114.0829421,7164.94361412,7052.57115281,7098.68627482,163300199
2020-04-18,7094.8055208,7266.91048389,7094.8055208,7259.90292944,181750587
2020-04-19,7261.79543237,7279.55725054,7169.10857941,7191.11311495,148268822
2020-04-20,7187.37847844,7240.29059686,6842.32108729,6882.34018581,168867922
2020-04-21,6880.14485542,6934.01824601,6837.05267262,6878.03773926,159108311
2020-04-22,6878.10720522,7145.86574462,6870.76922717,7118.68335661,135059651
2020-04-23,7123.13895909,7487.75351084,7082.89855972,7430.16504043,182822690
2020-04-24,7438.88038204,7572.63737507,7436.72966852,7549.13338764,183376436
2020-04-25,7548.76622278,7628.84195758,7524.93403998,7569.23791751,168532828
2020-04-26,7566.52528954,7699.49867333,7561.40785333,7680.48287014,146866356
2020-04-27,7699.29977753,7794.71391216,7693.72832501,7794.71391216,166240036
2020-04-28,7796.35435849,7812.62650179,7739.16285413,7807.29683833,187155608
2020-04-29,7804.68770248,8871.75372738,7786.04929564,8801.03776688,173353525
2020-04-30,8800.77303565,9433.51892824,8539.80716113,8657.1939924,171234691
2020-05-01,8683.14566949,9029.76693855,8683.14566949,8855.32022959,176270572
2020-05-02,8864.37464198,9002.48895829,8811.36632956,8985.17081572,198485078
2020-05-03,8990.76124531,9165.89770764,8835.07186052,8898.12241256,200937462
2020-05-04,8906.88583621,8956.90651911,8648.46310942,8915.36266471,171540771
2020-05-05,8919.85643608,9062.41456364,8857.80896663,8987.61019034,190192597
2020-05-06,9001.36601819,9407.93335491,8975.44873778,9253.07620782,186335377
2020-05-07,9241.76124645,9982.3230001,9138.32257195,9982.3230001,193098045
2020-05-08,9955.86106001,9996.74335304,9774.49037622,9854.15920563,174527400
2020-05-09,9825.78932516,9908.34892891,9580.64449235,9590.06333149,175667305
2020-05-10,9594.26261325,9594.26261325,8431.04946979,8761.29974684,211868462
2020-05-11,8772.54420323,9023.32871895,8394.65136481,8599.78194656,201469583
2020-05-12,8587.1285335,8948.42580412,8578.44830668,8800.72972155,186815809
2020-05-13,8808.42292014,9317.87855411,8808.42292014,9274.85620315,154265621
2020-05-14,9281.31514423,9783.67377491,9255.03484619,9742.73285277,150805146
2020-05-15,9754.89659556,9754.89659556,9261.3979997,9324.74955892,159006223
2020-05-16,9342.16055269,9558.22590113,9266.14568555,9378.12485501,159049316
2020-05-17,9360.18392724,9819.33025735,9349.5460711,9670.02672308,135393701
2020-05-18,9688.8137542,9906.03020325,9570.35898532,9729.46527585,173098018
2020-05-19,9723.23260097,9831.60000646,9540.58343856,9723.31137903,153281257
2020-05-20,9722.09333277,9804.6088772,9449.51809524,9522.46761378,152656333
2020-05-21,9510.67502163,9553.81645179,8881.4004593,9083.12738671,169679365
2020-05-22,9070.91551563,9231.58962426,9008.63827133,9182.63979906,143928384
2020-05-23,9187.26507873,9302.50164919,9122.33715795,9212.38362171,152135285
2020-05-24,9212.31749809,9287.69324572,8792.95744169,8792.95744169,163835125
2020-05-25,8777.45262261,8947.71249557,8719.66836224,8910.14065013,159865270
2020-05-26,8908.28638252,8990.10212453,8760.42474197,8830.00836771,162086570
2020-05-27,8835.26472385,9202.31024358,8835.26472385,9178.8408253,185350753
2020-05-28,9185.22111841,9539.50204801,9156.06751256,9521.7710264,167862452
2020-05-29,9528.1132945,9569.37109409,9383.67749061,9440.88143521,161354635
2020-05-30,9440.34985331,9702.26404192,9369.83968734,9696.80790406,194239397
2020-05-31,9700.34389507,9700.34389507,9435.69070596,9452.45408509,157724856
2020-06-01,9463.6056622,10190.3353302,9450.89911148,10170.4099128,170042513
2020-06-02,10164.9104694,10182.3407084,9463.53650045,9532.18934947,165541476
2020-06-03,9526.66656122,9665.80716231,9479.23682518,9646.2557319,178258030
2020-06-04,9690.21128567,9885.94987657,9527.43040781,9803.70548499,186646227
2020-06-05,9801.75456209,9867.34125976,9666.97260488,9667.02313814,186550009
2020-06-06,9660.42441026,9737.26337652,9591.02453467,9650.37975164,155385835
2020-06-07,9651.7471236,9765.85875459,9470.886538,9759.69521099,136946629
2020-06-08,9760.19345063,9773.29885156,9675.88590718,9770.65850938,186501041
2020-06-09,9782.67652303,9836.36896869,9664.72013333,9795.64961547,188191167
2020-06-10,9796.54844443,9906.85741464,9739.89448277,9870.78990303,177194778
2020-06-11,9869.71548539,9934.52079146,9263.06958826,9324.47584156,255684428
2020-06-12,9320.69085457,9534.65910522,9291.89752481,9481.74838924,220876849
2020-06-13,9478.66575193,9488.00212011,9396.00939365,9474.74192302,168607654
2020-06-14,9479.8369458,9479.8369458,9357.09930655,9386.78789214,140235845
2020-06-15,9384.38071039,9499.89665065,8990.1759467,9454.15015829,155793226
2020-06-16,9454.18341631,9569.16183655,9403.64972445,9540.67651404,183404224
2020-06-17,9535.20471852,9538.54799565,9333.24717568,9483.15268772,175414732
2020-06-18,9482.78198635,9482.78198635,9334.02239752,9412.43597382,153616225
2020-06-19,9411.61208073,9436.77131074,9277.04516149,9277.04516149,183710240
2020-06-20,9279.15695324,9393.11484776,9249.74377945,9335.17939289,151669815
2020-06-21,9339.11763092,9392.98619355,9301.37004446,9301.37004446,143190218
2020-06-22,9299.18092138,9650.9343532,9299.18092138,9649.2555242,157794239
2020-06-23,9650.91575784,9667.24150339,9562.14766271,9628.69403752,206119906
2020-06-24,9636.44797425,9680.36714624,9280.73579163,9308.97002161,178996781
2020-06-25,9311.21953462,9339.88701254,9100.1212983,9265.12255402,176723270
2020-06-26,9267.66405528,9310.51638223,9104.66086141,9165.46400925,194453007
2020-06-27,9184.92057173,9206.11766985,9004.00261334,9050.08021288,152485474
2020-06-28,9050.44530414,9193.01038692,8997.31927935,9155.73195906,135206118
2020-06-29,9125.90115102,9221.74213461,9043.41446688,9200.43803941,181034299
2020-06-30,9177.71906969,9214.01958279,9089.35868831,9138.25078146,174847273
2020-07-01,9153.29800225,9300.92977971,9106.41706038,9228.16289438,209847495
2020-07-02,9227.17662384,9271.1705176,9040.30092369,9123.41015432,185818488
2020-07-03,9124.18924179,9202.34438443,9058.79478198,9087.30391103,195366121
2020-07-04,9072.6916064,9183.29558274,9053.62967104,9116.09384322,162840768
2020-07-05,9105.79486239,9154.99990493,8977.01563525,9075.62293143,150171017
2020-07-06,9070.79550935,9337.98122657,9062.41483768,9294.80678854,188994962
2020-07-07,9294.80678854,9358.54523981,9210.59648226,9254.80043974,177657674
2020-07-08,9254.80043974,9448.16123339,9252.14939649,9425.36948916,188367510
2020-07-09,9425.36948916,9430.19963647,9238.57912864,9294.76603547,207736943
2020-07-10,9267.55990584,9287.07503589,9164.82924333,9278.8078672,194451483
2020-07-11,9283.90157969,9293.53268075,9199.48551044,9240.34632654,170143805
2020-07-12,9240.51602866,9313.25526591,9200.65888077,9276.49985018,148872061
2020-07-13,9294.06469467,9306.40492983,9224.39683807,9243.61385509,168042306
2020-07-14,9240.53982713,9268.58947784,9173.5725914,9243.21341642,181251256
2020-07-15,9243.61011284,9275.32512547,9174.37998303,9192.83736784,181224303
2020-07-16,9195.93503844,9202.94954647,9091.17197717,9137.21825621,173586179
2020-07-17,9131.8121414,9176.51216449,9091.23282486,9149.9429538,149153582
2020-07-18,9151.25826934,9230.79006936,9114.13912282,9158.56462749,165853829
2020-07-19,9156.74743152,9199.4587419,9097.89920078,9185.45240342,174541886
2020-07-20,9192.65286112,9201.99090326,9137.50962153,9177.86448262,181534455
2020-07-21,9158.344136,9402.29706195,9150.37136684,9374.78345925,161242966
2020-07-22,9373.43532925,9525.59588785,9321.50645123,9525.36344997,181488195
2020-07-23,9525.15007782,9610.24712467,9485.69806262,9579.97977007,175895403
2020-07-24,9586.73466083,9617.75513341,9482.14269319,9537.79707625,211527809
2020-07-25,9541.8703683,9703.83033805,9530.73938505,9677.11349729,194598247
2020-07-26,9678.76240909,9998.42300758,9654.23787972,9906.34519401,212224211
2020-07-27,9905.16724705,11280.3607957,9904.1338209,11023.434646,191425385
2020-07-28,10990.8733998,11198.3203675,10651.1849581,10909.9046958,185622917
2020-07-29,10912.9529611,11296.0615999,10858.3243523,11098.4100908,189829419
2020-07-30,11099.8328914,11160.8046387,10920.7032226,11121.1587554,173711042
2020-07-31,11110.2109424,11414.6005765,10987.8445108,11332.4012834,198821754
2020-08-01,11322.5705008,11790.4275211,11240.8511008,11766.9595624,176377753
2020-08-02,11758.7646653,12032.1002998,11022.6229226,11059.3145305,190734270
2020-08-03,11043.7688847,11453.0417733,11020.0349656,11245.5240356,214887900
2020-08-04,11246.2032469,11379.6645351,11094.1453896,11207.6483786,190029563
2020-08-05,11203.8230991,11786.6168994,11161.2318037,11751.6655847,163516882
2020-08-06,11749.8713321,11901.796623,11605.2715917,11785.14051,199150423
2020-08-07,11778.8942824,11898.0384141,11409.3274484,11595.3530615,197837850
2020-08-08,11604.5533476,11797.3140593,11558.4316317,11745.8403294,188414409
2020-08-09,11737.3252342,11792.9845319,11558.0586093,11672.4786076,195088916
2020-08-10,11662.2569338,12042.5262296,11662.2569338,11872.1227256,171070905
2020-08-11,11881.64754,11932.7111738,11215.5588183,11412.1825511,197849501
2020-08-12,11404.5968775,11696.4706526,11261.3356251,11576.8771692,204077316
2020-08-13,11585.2613976,11796.3961941,11216.8725398,11796.3961941,177391352
2020-08-14,11796.256757,11863.8592194,11688.6196641,11772.9732991,211137470
2020-08-15,11770.1503675,11961.3752567,11770.1503675,11864.5063121,191795442
2020-08-16,11858.8592279,11934.9009151,11739.3418729,11895.1527133,174357615
2020-08-17,11902.1934326,12348.9428347,11810.2085098,12250.136396,158492094
2020-08-18,12267.1965283,12333.6938335,11957.1025049,11988.7456259,174279072
2020-08-19,11989.7633082,12026.7043173,11690.6700575,11758.8645702,179875839
2020-08-20,11767.7525413,11897.8997932,11715.8726383,11881.7212215,184668599
2020-08-21,11878.9819768,11894.3116215,11571.2690372,11581.8887181,208319205
2020-08-22,11578.7849172,11689.4073895,11451.7629563,11689.4073895,179239449
2020-08-23,11681.5581142,11713.4297949,11563.8092627,11667.8605615,196482042
2020-08-24,11662.7740375,11804.2845773,11623.2504376,11778.4188516,173698621
2020-08-25,11777.3349078,11777.3349078,11189.8510492,11375.0539617,168665196
2020-08-26,11359.2128362,11527.3743157,11297.6955033,11487.5574841,184894249
2020-08-27,11484.6256312,11570.7863091,11190.7276884,11322.8535935,163628016
2020-08-28,11339.0265972,11545.6154059,11321.3036444,11539.83493,212186180
2020-08-29,11541.9971088,11581.4413278,11468.7317796,11512.5428548,193875467
2020-08-30,11503.1966914,11713.2381623,11497.7842654,11711.5398306,166388843
2020-08-31,11714.7452857,11767.8270355,11599.8424143,11685.3448054,175638752
2020-09-01,11676.9366401,12048.769117,11601.3090819,11968.9674207,196131573
2020-09-02,11948.3448104,11958.245337,11290.9411485,11418.0179849,186210650
2020-09-03,11400.6647689,11440.0611167,10185.7871827,10238.457762,167057301
2020-09-04,10243.2634907,10663.9200452,10215.1308615,10511.8138807,175449205
2020-09-05,10513.2811955,10580.8922559,9954.9555264,10169.567221,179872382
2020-09-06,10181.504829,10351.330868,10059.2540539,10280.3517032,213209020
2020-09-07,10278.3750684,10395.4674344,9925.82471408,10369.5637386,224017559
2020-09-08,10379.7641156,10414.7752084,9955.41018817,10131.5166457,193608771
2020-09-09,10130.601966,10347.6212141,10018.8921273,10242.3477803,177932171
2020-09-10,10249.3372513,10476.4842427,10246.1781466,10363.1390401,210603694
2020-09-11,10327.9553132,10433.7143045,10140.8366858,10400.9146854,183292755
2020-09-12,10419.7195742,10577.3888071,10292.3865099,10442.1706031,180227753
2020-09-13,10453.177696,10575.6407457,10239.0622581,10323.7557975,151973638
2020-09-14,10329.7895373,10800.0110604,10266.008771,10680.8374328,204180385
2020-09-15,10691.9108606,10936.1676686,10660.380538,10796.9509861,182827611
2020-09-16,10795.525353,11093.8696198,10705.7194763,10974.9048915,202857750
2020-09-17,10971.277442,11037.4211271,10776.2853401,10948.9899152,225681322
2020-09-18,10956.6646335,11029.900106,10834.7821787,10944.5858045,190331546
2020-09-19,10948.0851888,11134.0927157,10914.0506743,11094.3462761,186154628
2020-09-20,11085.6888139,11086.0313848,10820.9581254,10938.2712894,155289775
2020-09-21,10934.9127363,10984.4542397,10380.2607189,10462.2596185,174877893
2020-09-22,10437.7246136,10568.0767512,10391.8733233,10538.4603213,165882634
2020-09-23,10541.7558528,10554.7316346,10190.3725367,10225.8639271,182834947
2020-09-24,10220.9186133,10765.4496458,10220.9186133,10745.5486217,172346111
2020-09-25,10752.4694147,10755.3567698,10595.4392338,10702.290491,227761093
2020-09-26,10702.8458842,10776.82637,10683.456582,10754.4375117,196749295
2020-09-27,10743.8313745,10803.2776673,10647.1650369,10774.4267558,154324444
2020-09-28,10832.1452128,10949.1231486,10718.5891835,10721.3270409,160449030
2020-09-29,10710.4734989,10856.1086153,10666.4803432,10848.8304873,179615739
2020-09-30,10852.7376718,10852.7376718,10690.5569055,10787.6178668,206546969
2020-10-01,10796.9977881,10915.8440154,10500.5639891,10623.3301247,161250655
2020-10-02,10622.5646527,10659.6856242,10444.1599155,10575.972665210369,175542573
2020-10-03,10575.260452283132,10598.927198105193,10511.133240330433,10549.328899609458,199905654
2020-10-04,10550.875916632962,10685.35464071163,10534.392249196477,10668.427291917362,192695063
2020-10-05,10677.303083042074,10793.339427509689,10634.600163133402,10793.339427509689,167910617
2020-10-06,10797.202171492992,10797.489621149189,10529.422984897617,10604.372976655219,169041106
2020-10-07,10599.075769139641,10680.504039530637,10562.50712617144,10669.002892309303,193047700
2020-10-08,10669.701685358752,10945.737033240006,10562.606101092879,10915.611170349574,198178927
2020-10-09,10929.274223119413,11102.411656453261,10847.357362252633,11064.457592443927,186468612
2020-10-10,11057.008619092772,11442.060975220249,11057.008619092772,11296.361428209482,185586897
2020-10-11,11295.653668041792,11428.785898862683,11288.864291370586,11384.210120673994,149308021
2020-10-12,11390.769280894334,11698.442901825807,11240.687030284946,11555.352382617039,176386034
2020-10-13,11546.083163338939,11548.890331340419,11321.22451322031,11425.899400698005,208723138
2020-10-14,11428.647725072164,11539.928579827945,11308.017514086412,11429.530525949574,169274940
2020-10-15,11426.483508896854,11569.124240468613,11303.603511256479,11495.136250345737,190414425
2020-10-16,11505.402100741483,11539.946088413446,11223.075053381868,11322.122100253333,188362834
2020-10-17,11324.892790982989,11386.261571130499,11285.434571814172,11357.507699419104,161608263
2020-10-18,11355.97865679521,11483.347447046355,11347.578563238616,11483.347447046355,129916253
2020-10-19,11497.582158999327,11799.073905243273,11408.30083816678,11742.056464068413,159398447
2020-10-20,11746.292709768908,11999.518431274097,11685.477828598861,11916.334474515823,176529907
2020-10-21,11912.295860977298,13184.566172552148,11901.111703556606,12823.721613011157,168578525
2020-10-22,12794.259169790392,13161.581293779967,12717.373935443231,12965.938910967061,175845619
2020-10-23,12972.252451705453,13015.961442651294,12755.211524863087,12928.422292893309,168199788
2020-10-24,12927.3832392706,13144.01504415748,12885.746628510915,13112.518308892806,203314080
2020-10-25,13109.57623378953,13318.190589190126,12916.12464042843,13025.152726171285,160661388
2020-10-26,13032.839551001809,13225.297760761847,12823.703856605047,13072.25343050888,147406307
2020-10-27,13063.197237935261,13758.39181353944,13061.284838855234,13638.61347118853,128607401
2020-10-28,13635.202240181252,13832.620149144715,12932.29132388745,13274.101551486901,128744666
2020-10-29,13264.798981959188,13612.048016575749,12980.52423089152,13449.310773172034,140202821
2020-10-30,13445.643589160334,13651.516269519145,13157.878119872375,13567.751090472695,143602018
2020-10-31,13558.568467360486,13969.652850886623,13462.272551470804,13779.026945510965,144560191
2020-11-01,13777.214324198885,13851.846672125894,13637.488525982953,13712.179226753678,155809162
2020-11-02,13746.668380695171,13807.538533259712,13243.282666183664,13558.759567504292,125984098
2020-11-03,13550.366610438507,13984.981927819947,13325.441382005192,13914.806921199463,179503379
2020-11-04,13973.714123909274,14211.873754619677,13581.662472686632,14127.434501432557,213361439
2020-11-05,14141.099139041358,15706.294204427159,14105.59632615231,15556.660674219534,188371290
2020-11-06,15575.995182878605,15902.977502865262,15226.839392402795,15552.789426236757,194652883
2020-11-07,15573.862121221708,15722.586653165026,14425.828198195253,14849.092332069495,198390729
2020-11-08,14837.102139852237,15637.320337875113,14768.714354337202,15486.128766242586,189291102
2020-11-09,15473.556775876881,15784.249225938138,14865.529276641686,15336.738597655203,253503962
2020-11-10,15336.435511193538,15449.620803290349,15125.106318204333,15289.794466324061,180125476
2020-11-11,15305.071062495244,15908.693496407954,15290.006817285972,15693.906873452925,190626630
2020-11-12,15687.777567674782,16304.983801021912,15534.843122429966,16281.414511965559,199554177
2020-11-13,16292.71704795284,16462.7165484064,15992.152800602793,16311.513322639245,177397426
2020-11-14,16314.263353467437,16314.263353467437,15776.768439259788,16075.452733873577,183152220
2020-11-15,16063.671430719267,16119.264673045867,15793.533916785282,15962.09895156044,180725345
2020-11-16,15953.998052949833,16804.40914198469,15887.108130604509,16709.612283879444,193367265
2020-11-17,16700.900927395527,17782.620109398613,16564.544992042578,17667.381593434377,201284684
2020-11-18,17622.876858423624,18393.585252100722,17353.154104447178,17812.23323674995,213218316
2020-11-19,17777.69496540892,18119.249350595645,17382.55398903465,17797.55269185706,182164679
2020-11-20,17801.62567111298,18772.92326413713,17766.895639536437,18624.912737033366,215831898
2020-11-21,18643.24930829614,18933.06450212801,18444.358924897166,18681.88473987622,194310732
2020-11-22,18642.232765928307,18687.77618649418,17709.23526028505,18406.836393857495,161613500
2020-11-23,18370.002523648054,18711.426730614538,18002.09081629187,18340.95092402201,180674222
2020-11-24,18364.121591339885,19345.07067041079,18149.31069812357,19081.11380920774,172884082
2020-11-25,19104.409610352075,19390.96555565505,18586.471768670897,18764.47654404935,191122364
2020-11-26,18729.84058730682,18866.286129524942,16369.142597355658,17106.29070146959,194463026
2020-11-27,17153.913124676237,17445.02428554613,16560.783223506744,17096.724533063225,197852505
2020-11-28,17112.93423772801,17848.094118104986,16916.041857223212,17714.060585997013,203263899
2020-11-29,17719.634613538023,18282.66602695137,17561.421423018128,18147.63645981038,165665191
2020-11-30,18178.32211783476,19733.996478529585,18178.32211783476,19689.81054499716,148946689
2020-12-01,19633.77044727143,19839.174458231973,18437.148928300026,18863.78086086128,194069127
2020-12-02,18801.743593136114,19285.287732488137,18363.206812730306,19196.437039164783,164562857
2020-12-03,19205.925404094953,19562.79626940973,18936.513751339924,19437.08165850093,205639544
2020-12-04,19446.96642245726,19511.40471415163,18698.988905177936,18756.340876715585,190169975
2020-12-05,18698.385278509944,19155.628984867843,18612.58807974134,19137.370640297184,193233349
2020-12-06,19154.180593330577,19390.49989515353,18900.21953778314,19331.057919958297,183351684
2020-12-07,19343.12879819441,19411.827676314646,18931.14291942231,19198.32218907732,180324525
2020-12-08,19191.529462829752,19264.883753495436,18282.951068349994,18327.694817576405,185203001
2020-12-09,18322.365636902658,18623.59268954838,17939.17211921972,18564.904366246454,177283488
2020-12-10,18548.84768177893,18548.84768177893,17959.575979956502,18272.716243561048,169819492
2020-12-11,18264.992106722537,18268.45284469928,17638.432039598225,18079.312133207175,182924038
2020-12-12,18058.903347250904,18911.89271400882,18058.903347250904,18799.9244382663,171034456
2020-12-13,18803.656870453804,19378.240111950883,18743.583681422213,19148.693456271252,183116633
2020-12-14,19142.382533504522,19304.93651593942,19012.709407621558,19246.47838730268,169819291
2020-12-15,19246.644341369403,19522.377027780076,19079.842377369336,19423.81741657513,180894901
2020-12-16,19417.07603341676,21458.907897038014,19312.316855055895,21344.961281247066,187205339
2020-12-17,21310.598130544447,23629.668667540278,21237.525518313425,22790.806538276374,167634703
2020-12-18,22805.161492132305,23234.297298760383,22429.612760553464,23078.763955584098,199567830
2020-12-19,23137.96056164862,24075.229852357108,22848.426698463474,23851.242514075984,199905951
2020-12-20,23869.831964335182,24161.65293207689,23170.243462164948,23549.781123366854,202886737
2020-12-21,23477.29519710618,24053.254898449293,22181.718713403166,22875.455699730974,182916163
2020-12-22,22803.081408702667,23758.933628169103,22436.96331435043,23758.933628169103,186139711
2020-12-23,23783.028502879006,23999.85319122281,22883.02942703465,23279.54929310205,191864565
2020-12-24,23241.34486501347,23764.75340487314,22820.304565600552,23764.75340487314,159983541
2020-12-25,23735.94972762694,24710.10155606625,23463.674272543816,24688.21152033385,185103589
2020-12-26,24664.790274118965,26682.22230843532,24529.44546680423,26440.24870020325,189670059
2020-12-27,26437.037509098078,28288.84002225263,25974.0023756699,26388.149455672108,192926371
2020-12-28,26272.294567057226,27357.487940886534,26220.91144942981,27098.952753928424,207395711
2020-12-29,27084.807886277576,27324.988106434248,26017.620146368557,27324.988106434248,193987680
2020-12-30,27362.436557304438,28928.991861887724,27362.436557304438,28827.007973579824,216061484
2020-12-31,28840.953419677888,29244.750457311442,28201.991993639633,28988.642493531017,211975639
